time left right
0.00 0 0
0.02 0 0
0.03 0 0
0.05 0 0
0.07 0 0
0.08 0 0
0.10 0 0
0.12 0 0
0.13 0 0
0.15 0 0
0.17 0 0
0.18 0 0
0.20 0 0
0.22 0 0
0.23 0 0
0.25 0 0
0.27 0 0
0.28 0 0
0.30 0 0
0.32 0 0
0.33 0 0
0.35 0 0
0.37 0 0
0.38 0 0
0.40 0 0
0.42 0 0
0.43 0 0
0.45 0 0
0.47 0 0
0.48 0 0
0.50 0 0
0.52 0 0
0.53 0 0
0.55 0 0
0.57 0 0
0.58 0 0
0.60 0 0
0.62 0 0
0.63 0 0
0.65 0 0
0.67 0 0
0.68 0 0
0.70 0 0
0.72 0 0
0.73 0 0
0.75 0 0
0.77 0 0
0.78 0 0
0.80 0 0
0.82 0 0
0.83 0 0
0.85 0 0
0.87 0 0
0.88 0 0
0.90 0 0
0.92 0 0
0.93 0 0
0.95 0 0
0.97 0 0
0.98 0 0
1.00 0 0
1.02 0 0
1.03 0 0
1.05 0 0
1.07 0 0
1.08 0 0
1.10 0 0
1.12 0 0
1.13 0 0
1.15 0 0
1.17 0 0
1.18 0 0
1.20 0 0
1.22 0 0
1.23 0 0
1.25 0 0
1.27 0 0
1.28 0 0
1.30 0 0
1.32 0 0
1.33 0 0
1.35 0 0
1.37 0 0
1.38 0 0
1.40 0 0
1.42 0 0
1.43 0 0
1.45 0 0
1.47 0 0
1.48 0 0
1.50 0 0
1.52 0 0
1.53 0 0
1.55 0 0
1.57 0 0
1.58 0 0
1.60 0 0
1.62 0 0
1.63 0 0
1.65 0 0
1.67 0 0
1.68 0 0
1.70 0 0
1.72 0 0
1.73 0 0
1.75 0 0
1.77 0 0
1.78 0 0
1.80 0 0
1.82 0 0
1.83 0 0
1.85 0 0
1.87 0 0
1.88 0 0
1.90 0 0
1.92 0 0
1.93 0 0
1.95 0 0
1.97 0 0
1.98 0 0
2.00 0 0
2.02 0 0
2.03 0 0
2.05 0 0
2.07 0 0
2.08 0 0
2.10 0 0
2.12 0 0
2.13 0 0
2.15 0 0
2.17 0 0
2.18 0 0
2.20 0 0
2.22 0 0
2.23 0 0
2.25 0 0
2.27 0 0
2.28 0 0
2.30 0 0
2.32 0 0
2.33 0 0
2.35 0 0
2.37 0 0
2.38 0 0
2.40 0 0
2.42 0 0
2.43 0 0
2.45 0 0
2.47 0 0
2.48 0 0
2.50 0 0
2.52 0 0
2.53 0 0
2.55 0 0
2.57 0 0
2.58 0 0
2.60 0 0
2.62 0 0
2.63 0 0
2.65 0 0
2.67 0 0
2.68 0 0
2.70 0 0
2.72 0 0
2.73 0 0
2.75 0 0
2.77 0 0
2.78 0 0
2.80 0 0
2.82 0 0
2.83 0 0
2.85 0 0
2.87 0 0
2.88 0 0
2.90 0 0
2.92 0 0
2.93 0 0
2.95 0 0
2.97 0 0
2.98 0 0
3.00 0 0
3.02 0 0
3.03 0 0
3.05 0 0
3.07 0 0
3.08 0 0
3.10 0 0
3.12 0 0
3.13 0 0
3.15 0 0
3.17 0 0
3.18 0 0
3.20 0 0
3.22 0 0
3.23 0 0
3.25 0 0
3.27 0 0
3.28 0 0
3.30 0 0
3.32 0 0
3.33 0 0
3.35 0 0
3.37 0 0
3.38 0 0
3.40 0 0
3.42 0 0
3.43 0 0
3.45 0 0
3.47 0 0
3.48 0 0
3.50 0 0
3.52 0 0
3.53 0 0
3.55 0 0
3.57 0 0
3.58 0 0
3.60 0 0
3.62 0 0
3.63 0 0
3.65 0 0
3.67 0 0
3.68 0 0
3.70 0 0
3.72 0 0
3.73 0 0
3.75 0 0
3.77 0 0
3.78 0 0
3.80 0 0
3.82 0 0
3.83 0 0
3.85 0 0
3.87 0 0
3.88 0 0
3.90 0 0
3.92 0 0
3.93 0 0
3.95 0 0
3.97 0 0
3.98 0 0
4.00 0 0
4.02 0 0
4.03 0 0
4.05 0 0
4.07 0 0
4.08 0 0
4.10 0 0
4.12 0 0
4.13 0 0
4.15 0 0
4.17 0 0
4.18 0 0
4.20 0 0
4.22 0 0
4.23 0 0
4.25 0 0
4.27 0 0
4.28 0 0
4.30 0 0
4.32 0 0
4.33 0 0
4.35 0 0
4.37 0 0
4.38 0 0
4.40 0 0
4.42 0 0
4.43 0 0
4.45 0 0
4.47 0 0
4.48 0 0
4.50 0 0
4.52 0 0
4.53 0 0
4.55 0 0
4.57 0 0
4.58 0 0
4.60 0 0
4.62 0 0
4.63 0 0
4.65 0 0
4.67 0 0
4.68 0 0
4.70 0 0
4.72 0 0
4.73 0 0
4.75 0 0
4.77 0 0
4.78 0 0
4.80 0 0
4.82 0 0
4.83 0 0
4.85 0 0
4.87 0 0
4.88 0 0
4.90 0 0
4.92 0 0
4.93 0 0
4.95 0 0
4.97 0 0
4.98 0 0
5.00 0 0
5.02 0 0
5.03 0 0
5.05 0 0
5.07 0 0
5.08 0 0
5.10 0 0
5.12 0 0
5.13 0 0
5.15 0 0
5.17 0 0
5.18 0 0
5.20 0 0
5.22 0 0
5.23 0 0
5.25 0 0
5.27 0 0
5.28 0 0
5.30 0 0
5.32 0 0
5.33 0 0
5.35 0 0
5.37 0 0
5.38 0 0
5.40 0 0
5.42 0 0
5.43 0 0
5.45 0 0
5.47 0 0
5.48 0 0
5.50 0 0
5.52 0 0
5.53 0 0
5.55 0 0
5.57 0 0
5.58 0 0
5.60 0 0
5.62 0 0
5.63 0 0
5.65 0 0
5.67 0 0
5.68 0 0
5.70 0 0
5.72 0 0
5.73 0 0
5.75 0 0
5.77 0 0
5.78 0 0
5.80 0 0
5.82 0 0
5.83 0 0
5.85 0 0
5.87 0 0
5.88 0 0
5.90 0 0
5.92 0 0
5.93 0 0
5.95 0 0
5.97 0 0
5.98 0 0
6.00 0 0
6.02 0 0
6.03 0 0
6.05 0 0
6.07 0 0
6.08 0 0
6.10 0 0
6.12 0 0
6.13 0 0
6.15 0 0
6.17 0 0
6.18 0 0
6.20 0 0
6.22 0 0
6.23 0 0
6.25 0 0
6.27 0 0
6.28 3 0
6.30 3 0
6.32 4 0
6.33 5 0
6.35 5 0
6.37 5 0
6.38 5 0
6.40 5 0
6.42 5 0
6.43 5 0
6.45 6 0
6.47 6 0
6.48 6 0
6.50 6 0
6.52 6 0
6.53 7 0
6.55 7 0
6.57 7 0
6.58 7 0
6.60 7 0
6.62 7 0
6.63 7 0
6.65 7 0
6.67 8 0
6.68 8 0
6.70 8 0
6.72 8 0
6.73 8 0
6.75 8 0
6.77 8 0
6.78 9 0
6.80 9 0
6.82 9 0
6.83 9 0
6.85 9 0
6.87 9 0
6.88 8 0
6.90 7 0
6.92 7 0
6.93 6 0
6.95 5 0
6.97 4 0
6.98 4 0
7.00 2 0
7.02 0 0
7.03 0 0
7.05 -1 0
7.07 -2 0
7.08 -3 0
7.10 -3 0
7.12 -3 0
7.13 -3 0
7.15 -3 0
7.17 -3 0
7.18 -3 0
7.20 -2 0
7.22 -2 0
7.23 -1 0
7.25 0 0
7.27 0 0
7.28 0 0
7.30 0 0
7.32 0 0
7.33 0 0
7.35 0 0
7.37 0 0
7.38 0 0
7.40 0 0
7.42 0 0
7.43 0 0
7.45 0 0
7.47 0 0
7.48 0 0
7.50 0 0
7.52 1 0
7.53 1 0
7.55 1 0
7.57 1 0
7.58 1 0
7.60 1 0
7.62 1 0
7.63 1 0
7.65 1 0
7.67 2 0
7.68 2 0
7.70 2 0
7.72 2 0
7.73 2 0
7.75 2 0
7.77 2 0
7.78 3 0
7.80 4 0
7.82 6 0
7.83 8 0
7.85 11 0
7.87 14 0
7.88 16 0
7.90 17 0
7.92 16 0
7.93 14 0
7.95 12 0
7.97 11 0
7.98 9 0
8.00 6 0
8.02 5 0
8.03 3 0
8.05 3 0
8.07 2 0
8.08 2 0
8.10 1 0
8.12 0 0
8.13 0 0
8.15 -1 0
8.17 -3 0
8.18 -3 0
8.20 -3 0
8.22 -3 0
8.23 -2 0
8.25 -2 0
8.27 -2 0
8.28 -2 0
8.30 -1 0
8.32 -1 0
8.33 0 0
8.35 0 0
8.37 2 0
8.38 4 0
8.40 7 0
8.42 16 0
8.43 16 0
8.45 19 0
8.47 20 0
8.48 21 0
8.50 22 0
8.52 22 0
8.53 22 0
8.55 22 0
8.57 23 0
8.58 23 0
8.60 23 0
8.62 23 0
8.63 23 0
8.65 23 0
8.67 23 0
8.68 23 0
8.70 23 0
8.72 22 0
8.73 20 0
8.75 17 0
8.77 16 0
8.78 16 0
8.80 16 0
8.82 17 0
8.83 17 0
8.85 18 0
8.87 19 0
8.88 20 0
8.90 22 0
8.92 22 0
8.93 22 0
8.95 20 0
8.97 20 0
8.98 20 0
9.00 20 0
9.02 11 0
9.03 9 0
9.05 9 0
9.07 8 0
9.08 7 0
9.10 7 0
9.12 5 0
9.13 3 0
9.15 3 0
9.17 2 0
9.18 2 0
9.20 1 0
9.22 4 0
9.23 4 0
9.25 4 0
9.27 7 0
9.28 8 0
9.30 9 0
9.32 10 0
9.33 10 0
9.35 10 0
9.37 10 0
9.38 9 0
9.40 9 0
9.42 8 0
9.43 6 0
9.45 5 0
9.47 4 0
9.48 4 0
9.50 3 0
9.52 3 0
9.53 3 0
9.55 3 0
9.57 3 0
9.58 3 0
9.60 3 0
9.62 2 0
9.63 2 0
9.65 3 0
9.67 3 0
9.68 3 0
9.70 4 0
9.72 4 0
9.73 4 0
9.75 3 0
9.77 3 0
9.78 3 0
9.80 2 0
9.82 2 0
9.83 1 0
9.85 0 0
9.87 0 0
9.88 0 0
9.90 0 0
9.92 -1 0
9.93 -1 0
9.95 -1 0
9.97 -1 0
9.98 -1 0
10.00 -1 0
10.02 -1 0
10.03 -1 0
10.05 -1 0
10.07 0 0
10.08 0 0
10.10 0 0
10.12 0 0
10.13 0 0
10.15 0 0
10.17 0 0
10.18 0 0
10.20 0 0
10.22 0 0
10.23 0 0
10.25 0 0
10.27 0 0
10.28 0 0
10.30 0 0
10.32 -1 0
10.33 -1 0
10.35 -1 0
10.37 -1 0
10.38 -1 0
10.40 -1 0
10.42 -1 0
10.43 -1 0
10.45 0 0
10.47 0 0
10.48 0 0
10.50 0 0
10.52 0 0
10.53 0 0
10.55 0 0
10.57 0 0
10.58 0 0
10.60 0 0
10.62 0 0
10.63 0 0
10.65 0 0
10.67 0 0
10.68 0 0
10.70 0 0
10.72 0 0
10.73 0 0
10.75 0 0
10.77 0 0
10.78 0 0
10.80 0 0
10.82 0 0
10.83 0 0
10.85 0 0
10.87 0 0
10.88 0 0
10.90 0 0
10.92 0 0
10.93 0 0
10.95 0 0
10.97 0 0
10.98 0 0
11.00 0 0
11.02 0 0
11.03 0 0
11.05 0 0
11.07 0 0
11.08 0 0
11.10 0 0
11.12 0 0
11.13 0 0
11.15 0 0
11.17 0 0
11.18 0 0
11.20 0 0
11.22 0 0
11.23 0 0
11.25 0 0
11.27 0 0
11.28 0 0
11.30 0 0
11.32 0 0
11.33 0 0
11.35 0 0
11.37 0 0
11.38 0 0
11.40 0 0
11.42 0 0
11.43 0 0
11.45 0 0
11.47 0 0
11.48 0 0
11.50 0 0
11.52 0 0
11.53 0 0
11.55 0 0
11.57 0 0
11.58 0 0
11.60 0 0
11.62 0 0
11.63 0 0
11.65 0 0
11.67 0 0
11.68 0 0
11.70 0 0
11.72 0 0
11.73 0 0
11.75 0 0
11.77 0 0
11.78 0 0
11.80 0 0
11.82 0 0
11.83 0 0
11.85 0 0
11.87 0 0
11.88 0 0
11.90 0 0
11.92 0 0
11.93 0 0
11.95 0 0
11.97 0 0
11.98 0 0
12.00 0 0
12.02 0 0
12.03 0 0
12.05 0 0
12.07 0 0
12.08 0 0
12.10 0 0
12.12 0 0
12.13 0 0
12.15 0 0
12.17 0 0
12.18 0 0
12.20 0 0
12.22 0 0
12.23 0 0
12.25 0 0
12.27 0 0
12.28 0 0
12.30 0 0
12.32 0 0
12.33 0 0
12.35 0 0
12.37 0 0
12.38 0 0
12.40 0 0
12.42 0 0
12.43 0 0
12.45 0 0
12.47 0 0
12.48 0 0
12.50 0 0
12.52 0 0
12.53 0 0
12.55 0 0
12.57 0 0
12.58 0 0
12.60 0 0
12.62 0 0
12.63 0 0
12.65 0 0
12.67 0 0
12.68 0 0
12.70 0 0
12.72 0 0
12.73 0 0
12.75 0 0
12.77 0 0
12.78 0 0
12.80 0 0
12.82 0 0
12.83 0 0
12.85 0 0
12.87 0 0
12.88 0 0
12.90 0 0
12.92 0 0
12.93 0 0
12.95 0 0
12.97 0 0
12.98 0 0
13.00 0 0
13.02 0 0
13.03 0 0
13.05 0 0
13.07 0 0
13.08 0 0
13.10 0 0
13.12 0 0
13.13 0 0
13.15 0 0
13.17 0 0
13.18 0 0
13.20 0 0
13.22 0 0
13.23 0 0
13.25 0 0
13.27 0 0
13.28 0 0
13.30 0 0
13.32 0 0
13.33 0 0
13.35 0 0
13.37 0 0
13.38 0 0
13.40 0 0
13.42 0 0
13.43 0 0
13.45 0 0
13.47 0 0
13.48 0 0
13.50 0 0
13.52 0 0
13.53 0 0
13.55 0 0
13.57 0 0
13.58 0 0
13.60 0 0
13.62 0 0
13.63 0 0
13.65 0 0
13.67 0 0
13.68 0 0
13.70 0 0
13.72 0 0
13.73 0 0
13.75 0 0
13.77 0 0
13.78 0 0
13.80 0 0
13.82 0 0
13.83 0 0
13.85 0 0
13.87 0 0
13.88 0 0
13.90 0 0
13.92 0 0
13.93 0 0
13.95 0 0
13.97 0 0
13.98 0 0
14.00 0 0
14.02 0 0
14.03 0 0
14.05 0 0
14.07 0 0
14.08 0 0
14.10 0 0
14.12 0 0
14.13 0 0
14.15 0 0
14.17 0 0
14.18 0 0
14.20 0 0
14.22 0 0
14.23 0 0
14.25 0 0
14.27 0 0
14.28 0 0
14.30 0 0
14.32 0 0
14.33 0 0
14.35 0 0
14.37 0 0
14.38 0 0
14.40 0 0
14.42 0 0
14.43 0 0
14.45 0 0
14.47 0 0
14.48 0 0
14.50 0 0
14.52 0 0
14.53 0 0
14.55 0 0
14.57 0 0
14.58 0 0
14.60 0 0
14.62 0 0
14.63 0 0
14.65 0 0
14.67 0 0
14.68 0 0
14.70 0 0
14.72 0 0
14.73 0 0
14.75 0 0
14.77 0 0
14.78 0 0
14.80 0 0
14.82 0 0
14.83 0 0
14.85 0 0
14.87 0 0
14.88 0 0
14.90 0 0
14.92 0 0
14.93 0 0
14.95 0 0
14.97 0 0
14.98 0 0
15.00 0 0
15.02 0 0
15.03 0 0
15.05 0 0
15.07 0 0
15.08 0 0
15.10 0 0
15.12 0 0
15.13 0 0
15.15 0 0
15.17 0 0
15.18 0 0
15.20 0 0
15.22 0 0
15.23 1 0
15.25 1 0
15.27 1 0
15.28 1 0
15.30 1 0
15.32 1 0
15.33 0 0
15.35 0 0
15.37 0 0
15.38 0 0
15.40 0 0
15.42 0 0
15.43 0 0
15.45 0 0
15.47 0 0
15.48 0 0
15.50 0 0
15.52 0 0
15.53 0 0
15.55 0 0
15.57 0 0
15.58 0 0
15.60 0 0
15.62 0 0
15.63 0 0
15.65 0 0
15.67 0 0
15.68 0 0
15.70 0 0
15.72 0 0
15.73 0 0
15.75 0 0
15.77 0 0
15.78 0 0
15.80 0 0
15.82 0 0
15.83 0 0
15.85 0 0
15.87 0 0
15.88 0 0
15.90 0 0
15.92 0 0
15.93 0 0
15.95 0 0
15.97 0 0
15.98 0 0
16.00 0 0
16.02 0 0
16.03 0 0
16.05 0 0
16.07 0 0
16.08 0 0
16.10 0 0
16.12 0 0
16.13 0 0
16.15 0 0
16.17 0 0
16.18 0 0
16.20 0 0
16.22 0 0
16.23 0 0
16.25 0 0
16.27 0 0
16.28 0 0
16.30 0 0
16.32 0 0
16.33 0 0
16.35 0 0
16.37 0 0
16.38 0 0
16.40 0 0
16.42 0 0
16.43 0 0
16.45 0 0
16.47 0 0
16.48 0 0
16.50 0 0
16.52 0 0
16.53 0 0
16.55 0 0
16.57 0 0
16.58 0 0
16.60 0 0
16.62 0 0
16.63 0 0
16.65 0 0
16.67 0 0
16.68 0 0
16.70 0 0
16.72 0 0
16.73 0 0
16.75 0 0
16.77 0 0
16.78 0 0
16.80 0 0
16.82 0 0
16.83 0 0
16.85 0 0
16.87 0 0
16.88 0 0
16.90 0 0
16.92 0 0
16.93 0 0
16.95 0 0
16.97 0 0
16.98 0 0
17.00 0 0
17.02 0 0
17.03 0 0
17.05 0 0
17.07 0 0
17.08 0 0
17.10 0 0
17.12 0 0
17.13 0 0
17.15 0 0
17.17 0 0
17.18 0 0
17.20 0 0
17.22 0 0
17.23 0 0
17.25 0 0
17.27 0 0
17.28 0 0
17.30 0 0
17.32 0 0
17.33 0 0
17.35 0 0
17.37 0 0
17.38 0 0
17.40 0 0
17.42 0 0
17.43 0 0
17.45 0 0
17.47 0 0
17.48 0 0
17.50 0 0
17.52 0 0
17.53 0 0
17.55 0 0
17.57 0 0
17.58 0 0
17.60 0 0
17.62 0 0
17.63 0 0
17.65 0 0
17.67 0 0
17.68 0 0
17.70 0 0
17.72 0 0
17.73 0 0
17.75 0 0
17.77 0 0
17.78 0 0
17.80 0 0
17.82 0 0
17.83 0 0
17.85 0 0
17.87 0 0
17.88 0 0
17.90 0 0
17.92 0 0
17.93 0 0
17.95 0 0
17.97 0 0
17.98 0 0
18.00 0 0
18.02 0 0
18.03 0 0
18.05 0 0
18.07 0 0
18.08 0 0
18.10 0 0
18.12 0 0
18.13 0 0
18.15 0 0
18.17 0 0
18.18 0 0
18.20 0 0
18.22 0 0
18.23 0 0
18.25 0 0
18.27 0 0
18.28 0 0
18.30 0 0
18.32 0 0
18.33 0 0
18.35 0 0
18.37 0 0
18.38 0 0
18.40 0 0
18.42 0 0
18.43 0 0
18.45 0 0
18.47 -1 0
18.48 -2 0
18.50 -2 0
18.52 -3 0
18.53 -4 0
18.55 -5 0
18.57 -6 0
18.58 -6 0
18.60 -7 0
18.62 -7 0
18.63 -7 0
18.65 -7 0
18.67 -7 0
18.68 -7 0
18.70 -7 0
18.72 -7 0
18.73 -7 0
18.75 -7 0
18.77 -7 0
18.78 -8 0
18.80 -8 0
18.82 -8 0
18.83 -9 0
18.85 -9 0
18.87 -11 0
18.88 -11 0
18.90 -12 0
18.92 -13 0
18.93 -14 0
18.95 -15 0
18.97 -17 0
18.98 -20 0
19.00 -22 0
19.02 -23 0
19.03 -25 0
19.05 -27 0
19.07 -28 0
19.08 -29 0
19.10 -30 0
19.12 -30 0
19.13 -31 0
19.15 -31 0
19.17 -30 0
19.18 -30 0
19.20 -29 0
19.22 -27 0
19.23 -26 0
19.25 -25 0
19.27 -22 0
19.28 -20 0
19.30 -18 0
19.32 -17 0
19.33 -15 0
19.35 -13 0
19.37 -11 0
19.38 -7 0
19.40 -5 0
19.42 -3 0
19.43 -1 0
19.45 1 0
19.47 4 0
19.48 8 0
19.50 14 0
19.52 22 0
19.53 36 0
19.55 85 0
19.57 127 0
19.58 182 0
19.60 182 0
19.62 317 0
19.63 397 0
19.65 477 0
19.67 552 0
19.68 619 1
19.70 715 1
19.72 743 1
19.73 759 1
19.75 774 0
19.77 775 0
19.78 775 0
19.80 774 0
19.82 774 0
19.83 773 0
19.85 772 0
19.87 771 0
19.88 771 0
19.90 771 0
19.92 771 0
19.93 770 0
19.95 770 0
19.97 770 0
19.98 776 0
20.00 777 0
20.02 777 0
20.03 775 0
20.05 774 0
20.07 774 0
20.08 771 0
20.10 770 0
20.12 769 0
20.13 768 0
20.15 768 0
20.17 767 0
20.18 766 0
20.20 766 0
20.22 767 0
20.23 768 0
20.25 767 0
20.27 767 0
20.28 767 0
20.30 767 0
20.32 767 0
20.33 767 0
20.35 766 0
20.37 765 0
20.38 764 0
20.40 764 0
20.42 765 0
20.43 766 0
20.45 765 0
20.47 772 0
20.48 766 0
20.50 767 0
20.52 764 0
20.53 765 0
20.55 766 0
20.57 763 0
20.58 764 0
20.60 765 0
20.62 765 0
20.63 765 0
20.65 757 0
20.67 756 0
20.68 759 0
20.70 759 0
20.72 760 0
20.73 760 0
20.75 764 0
20.77 763 0
20.78 763 0
20.80 762 0
20.82 762 0
20.83 762 0
20.85 761 0
20.87 761 0
20.88 761 0
20.90 760 0
20.92 760 0
20.93 760 0
20.95 762 0
20.97 763 0
20.98 761 0
21.00 761 0
21.02 760 0
21.03 760 0
21.05 760 0
21.07 759 0
21.08 760 0
21.10 758 0
21.12 758 0
21.13 750 0
21.15 751 0
21.17 753 0
21.18 756 0
21.20 755 0
21.22 755 0
21.23 759 0
21.25 758 0
21.27 757 0
21.28 757 0
21.30 757 0
21.32 756 0
21.33 755 0
21.35 755 0
21.37 755 0
21.38 755 0
21.40 753 0
21.42 753 0
21.43 753 0
21.45 752 0
21.47 752 0
21.48 752 0
21.50 753 0
21.52 753 0
21.53 752 0
21.55 754 0
21.57 754 0
21.58 754 0
21.60 751 0
21.62 751 0
21.63 746 0
21.65 747 0
21.67 749 0
21.68 749 0
21.70 749 0
21.72 751 0
21.73 751 0
21.75 750 0
21.77 750 0
21.78 750 0
21.80 749 0
21.82 749 0
21.83 749 0
21.85 749 0
21.87 749 0
21.88 748 0
21.90 749 0
21.92 745 0
21.93 746 0
21.95 745 0
21.97 745 0
21.98 748 0
22.00 747 0
22.02 749 0
22.03 749 0
22.05 749 0
22.07 747 0
22.08 747 0
22.10 746 0
22.12 745 0
22.13 745 0
22.15 746 0
22.17 746 0
22.18 746 0
22.20 745 0
22.22 745 0
22.23 746 0
22.25 745 0
22.27 745 0
22.28 745 0
22.30 744 0
22.32 743 0
22.33 743 0
22.35 743 0
22.37 742 0
22.38 741 0
22.40 742 0
22.42 745 0
22.43 743 0
22.45 742 0
22.47 744 0
22.48 743 0
22.50 744 0
22.52 742 0
22.53 743 0
22.55 743 0
22.57 742 0
22.58 743 0
22.60 746 0
22.62 745 0
22.63 744 0
22.65 744 0
22.67 744 0
22.68 744 0
22.70 743 0
22.72 742 0
22.73 741 0
22.75 741 0
22.77 740 0
22.78 740 0
22.80 739 0
22.82 740 0
22.83 739 0
22.85 739 0
22.87 738 0
22.88 738 0
22.90 739 0
22.92 740 0
22.93 739 0
22.95 738 0
22.97 737 0
22.98 735 0
23.00 734 0
23.02 734 0
23.03 734 0
23.05 734 0
23.07 732 0
23.08 732 0
23.10 731 0
23.12 731 0
23.13 725 0
23.15 724 0
23.17 721 0
23.18 718 0
23.20 715 0
23.22 706 0
23.23 701 0
23.25 695 0
23.27 689 0
23.28 682 0
23.30 674 0
23.32 656 0
23.33 646 0
23.35 637 0
23.37 627 0
23.38 618 0
23.40 607 0
23.42 600 0
23.43 592 0
23.45 582 0
23.47 563 0
23.48 554 0
23.50 545 0
23.52 534 0
23.53 524 0
23.55 514 0
23.57 504 0
23.58 493 0
23.60 470 0
23.62 459 0
23.63 448 0
23.65 424 0
23.67 413 0
23.68 402 0
23.70 391 0
23.72 379 0
23.73 369 0
23.75 354 0
23.77 329 0
23.78 316 0
23.80 316 0
23.82 290 0
23.83 276 0
23.85 263 0
23.87 249 0
23.88 235 0
23.90 219 0
23.92 203 0
23.93 186 0
23.95 151 0
23.97 134 0
23.98 116 0
24.00 98 0
24.02 81 0
24.03 65 0
24.05 50 0
24.07 28 0
24.08 19 0
24.10 8 0
24.12 3 0
24.13 0 0
24.15 -2 0
24.17 -4 0
24.18 -6 0
24.20 -7 0
24.22 -8 0
24.23 -7 0
24.25 -6 0
24.27 -5 0
24.28 -4 0
24.30 -3 0
24.32 -2 0
24.33 -1 0
24.35 -1 0
24.37 0 0
24.38 0 0
24.40 0 0
24.42 0 0
24.43 0 0
24.45 0 0
24.47 0 0
24.48 0 0
24.50 -1 0
24.52 -2 0
24.53 -2 0
24.55 -3 0
24.57 -3 0
24.58 -3 0
24.60 -3 0
24.62 -3 0
24.63 -2 0
24.65 -2 0
24.67 -2 0
24.68 -2 0
24.70 -1 0
24.72 -1 0
24.73 -1 0
24.75 -1 0
24.77 -1 0
24.78 -2 0
24.80 -2 0
24.82 -4 0
24.83 -5 0
24.85 -6 0
24.87 -6 0
24.88 -7 0
24.90 -7 0
24.92 -7 0
24.93 -7 0
24.95 -7 0
24.97 -8 0
24.98 -8 0
25.00 -8 0
25.02 -8 0
25.03 -8 0
25.05 -8 0
25.07 -9 0
25.08 -9 0
25.10 -9 0
25.12 -9 0
25.13 -9 0
25.15 -9 0
25.17 -10 0
25.18 -10 0
25.20 -10 0
25.22 -11 0
25.23 -11 0
25.25 -12 0
25.27 -12 0
25.28 -13 0
25.30 -13 0
25.32 -12 0
25.33 -12 0
25.35 -11 0
25.37 -10 0
25.38 -9 0
25.40 -8 0
25.42 -7 0
25.43 -6 0
25.45 -6 0
25.47 -6 0
25.48 -5 0
25.50 -5 0
25.52 -5 0
25.53 -4 0
25.55 -4 0
25.57 -4 0
25.58 -3 0
25.60 -3 0
25.62 -3 0
25.63 -3 0
25.65 -2 0
25.67 -2 0
25.68 -2 0
25.70 -1 0
25.72 0 0
25.73 0 0
25.75 0 0
25.77 0 0
25.78 0 0
25.80 0 0
25.82 0 0
25.83 0 0
25.85 0 0
25.87 1 0
25.88 1 0
25.90 1 0
25.92 1 0
25.93 1 0
25.95 1 0
25.97 1 0
25.98 1 0
26.00 1 0
26.02 1 0
26.03 1 0
26.05 1 0
26.07 1 0
26.08 0 0
26.10 0 0
26.12 0 0
26.13 0 0
26.15 0 0
26.17 0 0
26.18 0 0
26.20 0 0
26.22 0 0
26.23 0 0
26.25 0 0
26.27 0 0
26.28 -1 0
26.30 -1 0
26.32 -1 0
26.33 -1 0
26.35 -1 0
26.37 -1 0
26.38 -1 0
26.40 -1 0
26.42 -1 0
26.43 0 0
26.45 0 0
26.47 0 0
26.48 0 0
26.50 0 0
26.52 0 0
26.53 0 0
26.55 0 0
26.57 0 0
26.58 0 0
26.60 0 0
26.62 0 0
26.63 0 0
26.65 0 0
26.67 0 0
26.68 0 0
26.70 0 0
26.72 0 0
26.73 -1 0
26.75 -1 0
26.77 -1 0
26.78 -1 0
26.80 -1 0
26.82 -1 0
26.83 -2 0
26.85 -2 0
26.87 -2 0
26.88 -2 0
26.90 -2 0
26.92 -3 0
26.93 -3 0
26.95 -3 0
26.97 -3 0
26.98 -3 0
27.00 -3 0
27.02 -4 0
27.03 -4 0
27.05 -4 0
27.07 -5 0
27.08 -5 0
27.10 -6 0
27.12 -6 0
27.13 -7 0
27.15 -8 0
27.17 -9 0
27.18 -9 0
27.20 -10 0
27.22 -10 0
27.23 -10 0
27.25 -11 0
27.27 -11 0
27.28 -11 0
27.30 -11 0
27.32 -11 0
27.33 -11 0
27.35 -11 0
27.37 -11 0
27.38 -11 0
27.40 -11 0
27.42 -11 0
27.43 -11 0
27.45 -11 0
27.47 -11 0
27.48 -11 0
27.50 -12 0
27.52 -12 0
27.53 -12 0
27.55 -12 0
27.57 -12 0
27.58 -13 0
27.60 -13 0
27.62 -13 0
27.63 -13 0
27.65 -13 0
27.67 -13 0
27.68 -13 0
27.70 -13 0
27.72 -12 0
27.73 -12 0
27.75 -11 0
27.77 -11 0
27.78 -11 0
27.80 -10 0
27.82 -10 0
27.83 -9 0
27.85 -9 0
27.87 -8 0
27.88 -7 0
27.90 -7 0
27.92 -6 0
27.93 -6 0
27.95 -5 0
27.97 -5 0
27.98 -5 0
28.00 -4 0
28.02 -4 0
28.03 -3 0
28.05 -3 0
28.07 -3 0
28.08 -2 0
28.10 -2 0
28.12 -2 0
28.13 -2 0
28.15 -1 0
28.17 -1 0
28.18 0 0
28.20 0 0
28.22 0 0
28.23 0 0
28.25 0 0
28.27 0 0
28.28 0 0
28.30 0 0
28.32 0 0
28.33 0 0
28.35 0 0
28.37 0 0
28.38 0 0
28.40 0 0
28.42 0 0
28.43 0 0
28.45 0 0
28.47 0 0
28.48 0 0
28.50 0 0
28.52 0 0
28.53 0 0
28.55 0 0
28.57 0 0
28.58 0 0
28.60 0 0
28.62 0 0
28.63 0 0
28.65 0 0
28.67 0 0
28.68 0 0
28.70 0 0
28.72 0 0
28.73 0 0
28.75 0 0
28.77 0 0
28.78 0 0
28.80 0 0
28.82 0 0
28.83 0 0
28.85 0 0
28.87 0 0
28.88 0 0
28.90 0 0
28.92 0 0
28.93 0 0
28.95 0 0
28.97 0 0
28.98 0 0
29.00 0 0
29.02 0 0
29.03 0 0
29.05 0 0
29.07 0 0
29.08 0 0
29.10 0 0
29.12 0 0
29.13 0 0
29.15 0 0
29.17 0 0
29.18 0 0
29.20 0 0
29.22 0 0
29.23 0 0
29.25 0 0
29.27 0 0
29.28 0 0
29.30 0 0
29.32 0 0
29.33 0 0
29.35 0 0
29.37 0 0
29.38 0 0
29.40 0 0
29.42 0 0
29.43 0 0
29.45 0 0
29.47 0 0
29.48 0 0
29.50 0 0
29.52 0 0
29.53 0 0
29.55 0 0
29.57 0 0
29.58 0 0
29.60 0 0
29.62 0 0
29.63 0 0
29.65 0 0
29.67 0 0
29.68 0 0
29.70 0 0
29.72 0 0
29.73 0 0
29.75 0 0
29.77 0 0
29.78 0 0
29.80 0 0
29.82 0 0
29.83 0 0
29.85 0 0
29.87 0 0
29.88 0 0
29.90 0 0
29.92 0 0
29.93 0 0
29.95 0 0
29.97 0 0
29.98 0 0
30.00 0 0
30.02 0 0
30.03 0 0
30.05 0 0
30.07 0 0
30.08 0 0
30.10 0 0
30.12 0 0
30.13 0 0
30.15 0 0
30.17 0 0
30.18 0 0
30.20 0 0
30.22 0 0
30.23 0 0
30.25 0 0
30.27 0 0
30.28 0 0
30.30 0 0
30.32 0 0
30.33 0 0
30.35 0 0
30.37 0 0
30.38 0 0
30.40 0 0
30.42 0 0
30.43 0 0
30.45 0 0
30.47 0 0
30.48 0 0
30.50 0 0
30.52 0 0
30.53 0 0
30.55 0 0
30.57 0 0
30.58 0 0
30.60 0 0
30.62 0 0
30.63 0 0
30.65 0 0
30.67 0 0
30.68 0 0
30.70 0 0
30.72 0 0
30.73 0 0
30.75 0 0
30.77 0 0
30.78 0 0
30.80 0 0
30.82 0 0
30.83 0 0
30.85 0 0
30.87 0 0
30.88 0 0
30.90 0 0
30.92 0 0
30.93 0 0
30.95 0 0
30.97 0 0
30.98 0 0
31.00 0 0
31.02 0 0
31.03 0 0
31.05 0 0
31.07 0 0
31.08 0 0
31.10 0 0
31.12 0 0
31.13 0 0
31.15 0 0
31.17 0 0
31.18 0 0
31.20 0 0
31.22 0 0
31.23 0 0
31.25 0 0
31.27 0 0
31.28 0 0
31.30 0 0
31.32 0 0
31.33 0 0
31.35 0 0
31.37 0 0
31.38 0 0
31.40 0 0
31.42 0 0
31.43 0 0
31.45 0 0
31.47 0 0
31.48 0 0
31.50 0 0
31.52 0 0
31.53 0 0
31.55 0 0
31.57 0 0
31.58 0 0
31.60 0 0
31.62 0 0
31.63 0 0
31.65 0 0
31.67 0 0
31.68 0 0
31.70 0 0
31.72 0 0
31.73 0 0
31.75 0 0
31.77 0 0
31.78 0 0
31.80 0 0
31.82 0 0
31.83 0 0
31.85 0 0
31.87 0 0
31.88 0 0
31.90 0 0
31.92 0 0
31.93 0 0
31.95 0 0
31.97 0 0
31.98 0 0
32.00 0 0
32.02 0 0
32.03 0 0
32.05 0 0
32.07 0 0
32.08 0 0
32.10 0 0
32.12 0 0
32.13 0 0
32.15 0 0
32.17 0 0
32.18 0 0
32.20 0 0
32.22 0 0
32.23 0 0
32.25 0 0
32.27 0 0
32.28 0 0
32.30 0 0
32.32 0 0
32.33 0 0
32.35 0 0
32.37 0 0
32.38 0 0
32.40 0 0
32.42 0 0
32.43 1 0
32.45 1 0
32.47 1 0
32.48 1 0
32.50 1 0
32.52 1 0
32.53 0 0
32.55 0 0
32.57 0 0
32.58 0 0
32.60 0 0
32.62 0 0
32.63 0 0
32.65 0 0
32.67 0 0
32.68 0 0
32.70 0 0
32.72 0 0
32.73 0 0
32.75 -1 0
32.77 -2 0
32.78 -2 0
32.80 -2 0
32.82 -2 0
32.83 -2 0
32.85 -2 0
32.87 -2 0
32.88 -2 0
32.90 -2 0
32.92 -1 0
32.93 -1 0
32.95 -1 0
32.97 0 0
32.98 0 0
33.00 0 0
33.02 0 0
33.03 0 0
33.05 1 0
33.07 1 0
33.08 1 0
33.10 2 0
33.12 2 0
33.13 2 0
33.15 2 0
33.17 2 0
33.18 2 0
33.20 2 0
33.22 2 0
33.23 1 0
33.25 1 0
33.27 1 0
33.28 0 0
33.30 0 0
33.32 0 0
33.33 0 0
33.35 0 0
33.37 1 0
33.38 7 0
33.40 37 0
33.42 71 0
33.43 120 0
33.45 182 0
33.47 338 0
33.48 422 0
33.50 505 1
33.52 582 1
33.53 644 1
33.55 690 1
33.57 722 1
33.58 742 1
33.60 742 1
33.62 760 0
33.63 760 0
33.65 760 0
33.67 760 0
33.68 761 0
33.70 770 0
33.72 768 0
33.73 766 0
33.75 764 0
33.77 764 0
33.78 764 0
33.80 759 0
33.82 760 0
33.83 760 0
33.85 760 0
33.87 759 0
33.88 760 0
33.90 760 0
33.92 757 0
33.93 757 0
33.95 758 0
33.97 758 0
33.98 758 0
34.00 758 0
34.02 759 0
34.03 759 0
34.05 758 0
34.07 757 0
34.08 756 0
34.10 756 0
34.12 756 0
34.13 756 0
34.15 755 0
34.17 755 0
34.18 759 0
34.20 757 0
34.22 756 0
34.23 755 0
34.25 755 0
34.27 756 0
34.28 753 0
34.30 754 0
34.32 755 0
34.33 754 0
34.35 755 0
34.37 755 0
34.38 755 0
34.40 753 0
34.42 753 0
34.43 753 0
34.45 753 0
34.47 753 0
34.48 753 0
34.50 752 0
34.52 752 0
34.53 752 0
34.55 751 0
34.57 751 0
34.58 750 0
34.60 750 0
34.62 750 0
34.63 749 0
34.65 749 0
34.67 748 0
34.68 748 0
34.70 748 0
34.72 747 0
34.73 746 0
34.75 746 0
34.77 746 0
34.78 747 0
34.80 748 0
34.82 749 0
34.83 749 0
34.85 748 0
34.87 749 0
34.88 740 0
34.90 741 0
34.92 742 0
34.93 744 0
34.95 744 0
34.97 744 0
34.98 748 0
35.00 747 0
35.02 746 0
35.03 745 0
35.05 745 0
35.07 744 0
35.08 745 0
35.10 745 0
35.12 745 0
35.13 746 0
35.15 747 0
35.17 746 0
35.18 746 0
35.20 747 0
35.22 747 0
35.23 745 0
35.25 746 0
35.27 746 0
35.28 745 0
35.30 744 0
35.32 744 0
35.33 744 0
35.35 743 0
35.37 743 0
35.38 745 0
35.40 745 0
35.42 744 0
35.43 744 0
35.45 744 0
35.47 744 0
35.48 744 0
35.50 743 0
35.52 742 0
35.53 742 0
35.55 741 0
35.57 742 0
35.58 740 0
35.60 740 0
35.62 740 0
35.63 745 0
35.65 741 0
35.67 739 0
35.68 740 0
35.70 738 0
35.72 739 0
35.73 739 0
35.75 735 0
35.77 737 0
35.78 738 0
35.80 737 0
35.82 738 0
35.83 738 0
35.85 729 0
35.87 728 0
35.88 730 0
35.90 730 0
35.92 733 0
35.93 732 0
35.95 732 0
35.97 736 0
35.98 736 0
36.00 735 0
36.02 735 0
36.03 734 0
36.05 734 0
36.07 733 0
36.08 733 0
36.10 734 0
36.12 732 0
36.13 732 0
36.15 733 0
36.17 732 0
36.18 732 0
36.20 731 0
36.22 730 0
36.23 731 0
36.25 729 0
36.27 728 0
36.28 727 0
36.30 727 0
36.32 726 0
36.33 725 0
36.35 717 0
36.37 719 0
36.38 720 0
36.40 717 0
36.42 716 0
36.43 713 0
36.45 714 0
36.47 709 0
36.48 703 0
36.50 698 0
36.52 691 0
36.53 683 0
36.55 666 0
36.57 656 0
36.58 645 0
36.60 634 0
36.62 620 0
36.63 607 0
36.65 594 0
36.67 578 0
36.68 530 0
36.70 514 0
36.72 494 0
36.73 476 0
36.75 458 0
36.77 437 0
36.78 416 0
36.80 394 0
36.82 371 0
36.83 348 0
36.85 298 0
36.87 271 0
36.88 243 0
36.90 215 0
36.92 186 0
36.93 157 0
36.95 130 0
36.97 105 0
36.98 66 0
37.00 51 0
37.02 38 0
37.03 28 0
37.05 19 0
37.07 12 0
37.08 6 0
37.10 1 0
37.12 -6 0
37.13 -8 0
37.15 -10 0
37.17 -11 0
37.18 -11 0
37.20 -11 0
37.22 -10 0
37.23 -10 0
37.25 -8 0
37.27 -8 0
37.28 -7 0
37.30 -6 0
37.32 -5 0
37.33 -4 0
37.35 -3 0
37.37 -3 0
37.38 -3 0
37.40 -2 0
37.42 -2 0
37.43 -2 0
37.45 -2 0
37.47 -2 0
37.48 -1 0
37.50 -1 0
37.52 0 0
37.53 0 0
37.55 0 0
37.57 0 0
37.58 0 0
37.60 0 0
37.62 0 0
37.63 0 0
37.65 0 0
37.67 0 0
37.68 0 0
37.70 1 0
37.72 1 0
37.73 1 0
37.75 1 0
37.77 1 0
37.78 2 0
37.80 2 0
37.82 2 0
37.83 2 0
37.85 2 0
37.87 2 0
37.88 3 0
37.90 3 0
37.92 3 0
37.93 3 0
37.95 3 0
37.97 2 0
37.98 2 0
38.00 2 0
38.02 2 0
38.03 2 0
38.05 3 0
38.07 3 0
38.08 3 0
38.10 3 0
38.12 3 0
38.13 3 0
38.15 2 0
38.17 2 0
38.18 1 0
38.20 1 0
38.22 0 0
38.23 0 0
38.25 0 0
38.27 -1 0
38.28 -2 0
38.30 -3 0
38.32 -3 0
38.33 -3 0
38.35 -3 0
38.37 -3 0
38.38 -4 0
38.40 -3 0
38.42 -3 0
38.43 -3 0
38.45 -3 0
38.47 -3 0
38.48 -3 0
38.50 -4 0
38.52 -3 0
38.53 -3 0
38.55 -3 0
38.57 -3 0
38.58 -3 0
38.60 -2 0
38.62 -2 0
38.63 -2 0
38.65 -2 0
38.67 -2 0
38.68 -2 0
38.70 -1 0
38.72 -1 0
38.73 0 0
38.75 0 0
38.77 1 0
38.78 1 0
38.80 2 0
38.82 2 0
38.83 3 0
38.85 4 0
38.87 4 0
38.88 4 0
38.90 4 0
38.92 4 0
38.93 4 0
38.95 4 0
38.97 3 0
38.98 3 0
39.00 2 0
39.02 1 0
39.03 1 0
39.05 0 0
39.07 0 0
39.08 0 0
39.10 0 0
39.12 0 0
39.13 0 0
39.15 0 0
39.17 0 0
39.18 0 0
39.20 0 0
39.22 0 0
39.23 0 0
39.25 0 0
39.27 0 0
39.28 0 0
39.30 0 0
39.32 0 0
39.33 0 0
39.35 0 0
39.37 0 0
39.38 0 0
39.40 0 0
39.42 0 0
39.43 0 0
39.45 0 0
39.47 0 0
39.48 0 0
39.50 0 0
39.52 0 0
39.53 0 0
39.55 0 0
39.57 -1 0
39.58 -1 0
39.60 -1 0
39.62 -1 0
39.63 -1 0
39.65 -1 0
39.67 -1 0
39.68 -1 0
39.70 -1 0
39.72 -1 0
39.73 0 0
39.75 0 0
39.77 0 0
39.78 0 0
39.80 0 0
39.82 0 0
39.83 0 0
39.85 0 0
39.87 0 0
39.88 0 0
39.90 0 0
39.92 -1 0
39.93 -1 0
39.95 -1 0
39.97 -1 0
39.98 -1 0
40.00 -1 0
40.02 -2 0
40.03 -2 0
40.05 -2 0
40.07 -2 0
40.08 -3 0
40.10 -3 0
40.12 -3 0
40.13 -3 0
40.15 -3 0
40.17 -4 0
40.18 -4 0
40.20 -3 0
40.22 -4 0
40.23 -4 0
40.25 -4 0
40.27 -5 0
40.28 -6 0
40.30 -6 0
40.32 -7 0
40.33 -7 0
40.35 -8 0
40.37 -9 0
40.38 -9 0
40.40 -10 0
40.42 -12 0
40.43 -13 0
40.45 -15 0
40.47 -16 0
40.48 -17 0
40.50 -17 0
40.52 -18 0
40.53 -17 0
40.55 -17 0
40.57 -17 0
40.58 -16 0
40.60 -16 0
40.62 -16 0
40.63 -16 0
40.65 -16 0
40.67 -15 0
40.68 -14 0
40.70 -14 0
40.72 -12 0
40.73 -12 0
40.75 -12 0
40.77 -12 0
40.78 -12 0
40.80 -12 0
40.82 -12 0
40.83 -12 0
40.85 -12 0
40.87 -11 0
40.88 -11 0
40.90 -11 0
40.92 -11 0
40.93 -10 0
40.95 -10 0
40.97 -10 0
40.98 -10 0
41.00 -9 0
41.02 -9 0
41.03 -9 0
41.05 -9 0
41.07 -8 0
41.08 -7 0
41.10 -7 0
41.12 -7 0
41.13 -7 0
41.15 -6 0
41.17 -6 0
41.18 -6 0
41.20 -6 0
41.22 -5 0
41.23 -4 0
41.25 -3 0
41.27 -2 0
41.28 0 0
41.30 5 0
41.32 14 0
41.33 33 0
41.35 65 0
41.37 115 0
41.38 260 0
41.40 347 0
41.42 437 0
41.43 524 0
41.45 602 0
41.47 664 0
41.48 700 0
41.50 727 0
41.52 749 1
41.53 755 0
41.55 758 0
41.57 757 0
41.58 757 0
41.60 756 -1
41.62 754 0
41.63 754 0
41.65 754 0
41.67 754 0
41.68 754 0
41.70 753 0
41.72 752 0
41.73 753 0
41.75 752 0
41.77 758 0
41.78 755 0
41.80 752 0
41.82 752 0
41.83 751 0
41.85 750 0
41.87 747 0
41.88 749 0
41.90 750 0
41.92 750 0
41.93 748 0
41.95 749 0
41.97 748 0
41.98 739 0
42.00 742 0
42.02 742 0
42.03 744 0
42.05 744 0
42.07 744 0
42.08 748 0
42.10 748 0
42.12 747 0
42.13 747 0
42.15 746 0
42.17 745 0
42.18 744 0
42.20 744 0
42.22 744 0
42.23 743 0
42.25 742 0
42.27 743 0
42.28 743 0
42.30 743 0
42.32 744 0
42.33 743 0
42.35 743 0
42.37 744 0
42.38 744 0
42.40 744 0
42.42 743 0
42.43 743 0
42.45 741 0
42.47 742 0
42.48 742 0
42.50 741 0
42.52 742 0
42.53 742 0
42.55 742 0
42.57 743 0
42.58 744 0
42.60 743 0
42.62 742 0
42.63 741 0
42.65 741 0
42.67 741 0
42.68 740 0
42.70 739 0
42.72 740 0
42.73 739 0
42.75 741 0
42.77 743 0
42.78 742 0
42.80 742 0
42.82 741 0
42.83 742 0
42.85 742 0
42.87 740 0
42.88 740 0
42.90 739 0
42.92 737 0
42.93 737 0
42.95 736 0
42.97 730 0
42.98 730 0
43.00 732 0
43.02 735 0
43.03 735 0
43.05 738 0
43.07 738 0
43.08 739 0
43.10 738 0
43.12 738 0
43.13 737 0
43.15 736 0
43.17 735 0
43.18 734 0
43.20 733 0
43.22 734 0
43.23 734 0
43.25 734 0
43.27 736 0
43.28 735 0
43.30 734 0
43.32 733 0
43.33 733 0
43.35 733 0
43.37 732 0
43.38 733 0
43.40 732 0
43.42 732 0
43.43 733 0
43.45 729 0
43.47 730 0
43.48 732 0
43.50 731 0
43.52 731 0
43.53 731 0
43.55 733 0
43.57 732 0
43.58 731 0
43.60 731 0
43.62 731 0
43.63 731 0
43.65 730 0
43.67 730 0
43.68 729 0
43.70 728 0
43.72 728 0
43.73 727 0
43.75 733 0
43.77 729 0
43.78 727 0
43.80 727 0
43.82 728 0
43.83 727 0
43.85 724 0
43.87 727 0
43.88 728 0
43.90 728 0
43.92 728 0
43.93 728 0
43.95 730 0
43.97 730 0
43.98 729 0
44.00 728 0
44.02 728 0
44.03 729 0
44.05 728 0
44.07 728 0
44.08 728 0
44.10 727 0
44.12 727 0
44.13 726 0
44.15 726 0
44.17 725 0
44.18 725 0
44.20 724 0
44.22 724 0
44.23 723 0
44.25 722 0
44.27 723 0
44.28 721 0
44.30 721 0
44.32 722 0
44.33 722 0
44.35 722 0
44.37 723 0
44.38 724 0
44.40 724 0
44.42 723 0
44.43 723 0
44.45 722 0
44.47 722 0
44.48 714 0
44.50 714 0
44.52 714 0
44.53 716 0
44.55 717 0
44.57 718 0
44.58 722 0
44.60 722 0
44.62 721 0
44.63 721 0
44.65 721 0
44.67 720 0
44.68 720 0
44.70 719 0
44.72 718 0
44.73 717 0
44.75 717 0
44.77 716 0
44.78 717 0
44.80 718 0
44.82 716 0
44.83 716 0
44.85 716 0
44.87 714 0
44.88 714 0
44.90 713 0
44.92 714 0
44.93 712 0
44.95 712 0
44.97 714 0
44.98 712 0
45.00 712 0
45.02 708 0
45.03 705 0
45.05 699 0
45.07 687 0
45.08 665 0
45.10 632 0
45.12 519 0
45.13 443 0
45.15 368 0
45.17 297 0
45.18 234 0
45.20 180 0
45.22 180 0
45.23 134 0
45.25 47 0
45.27 29 0
45.28 14 0
45.30 3 0
45.32 -4 0
45.33 -12 0
45.35 -13 0
45.37 -9 0
45.38 -6 0
45.40 -3 0
45.42 0 0
45.43 1 0
45.45 3 0
45.47 4 0
45.48 5 0
45.50 5 0
45.52 5 0
45.53 5 0
45.55 4 0
45.57 4 0
45.58 3 0
45.60 2 0
45.62 1 0
45.63 0 0
45.65 0 0
45.67 0 0
45.68 -1 0
45.70 -2 0
45.72 -2 0
45.73 -2 0
45.75 -2 0
45.77 -2 0
45.78 -2 0
45.80 -2 0
45.82 -2 0
45.83 -2 0
45.85 -3 0
45.87 -3 0
45.88 -3 0
45.90 -3 0
45.92 -2 0
45.93 -2 0
45.95 -2 0
45.97 -1 0
45.98 -1 0
46.00 -1 0
46.02 -2 0
46.03 -2 0
46.05 -3 0
46.07 -3 0
46.08 -3 0
46.10 -3 0
46.12 -4 0
46.13 -4 0
46.15 -4 0
46.17 -4 0
46.18 -5 0
46.20 -5 0
46.22 -5 0
46.23 -5 0
46.25 -6 0
46.27 -6 0
46.28 -6 0
46.30 -6 0
46.32 -7 0
46.33 -7 0
46.35 -8 0
46.37 -8 0
46.38 -8 0
46.40 -8 0
46.42 -8 0
46.43 -9 0
46.45 -9 0
46.47 -9 0
46.48 -9 0
46.50 -10 0
46.52 -10 0
46.53 -10 0
46.55 -11 0
46.57 -11 0
46.58 -11 0
46.60 -12 0
46.62 -12 0
46.63 -12 0
46.65 -12 0
46.67 -13 0
46.68 -13 0
46.70 -13 0
46.72 -13 0
46.73 -14 0
46.75 -14 0
46.77 -14 0
46.78 -14 0
46.80 -15 0
46.82 -15 0
46.83 -15 0
46.85 -16 0
46.87 -16 0
46.88 -16 0
46.90 -16 0
46.92 -17 0
46.93 -17 0
46.95 -17 0
46.97 -18 0
46.98 -18 0
47.00 -18 0
47.02 -18 0
47.03 -18 0
47.05 -19 0
47.07 -19 0
47.08 -19 0
47.10 -19 0
47.12 -20 0
47.13 -20 0
47.15 -20 0
47.17 -20 0
47.18 -21 2
47.20 -21 3
47.22 -21 2
47.23 -22 2
47.25 -22 2
47.27 -22 0
47.28 -22 0
47.30 -23 1
47.32 -23 0
47.33 -23 0
47.35 -23 0
47.37 -23 0
47.38 -23 0
47.40 -24 0
47.42 -24 0
47.43 -24 0
47.45 -24 0
47.47 -25 0
47.48 -25 0
47.50 -25 0
47.52 -25 0
47.53 -26 0
47.55 -26 0
47.57 -26 0
47.58 -26 0
47.60 -26 0
47.62 -27 0
47.63 -27 0
47.65 -27 0
47.67 -27 0
47.68 -28 0
47.70 -28 0
47.72 -28 0
47.73 -28 0
47.75 -28 0
47.77 -29 0
47.78 -29 0
47.80 -29 0
47.82 -29 0
47.83 -29 0
47.85 -30 0
47.87 -31 0
47.88 -32 0
47.90 -34 0
47.92 -36 0
47.93 -37 0
47.95 -39 -1
47.97 -40 -1
47.98 -40 -1
48.00 -41 -1
48.02 -41 -1
48.03 -41 -1
48.05 -41 -2
48.07 -41 -2
48.08 -42 -3
48.10 -42 -4
48.12 -42 -5
48.13 -42 -5
48.15 -42 -5
48.17 -41 -4
48.18 -37 -2
48.20 -33 0
48.22 -29 0
48.23 -25 0
48.25 -19 1
48.27 -16 2
48.28 -16 2
48.30 -13 2
48.32 -12 3
48.33 -11 3
48.35 -9 4
48.37 -7 4
48.38 -5 4
48.40 -3 4
48.42 3 0
48.43 4 0
48.45 5 -2
48.47 6 -5
48.48 6 -6
48.50 7 -7
48.52 7 -9
48.53 8 -10
48.55 8 -11
48.57 8 -12
48.58 8 -13
48.60 8 -14
48.62 8 -15
48.63 7 -15
48.65 7 -15
48.67 6 -15
48.68 6 -15
48.70 6 -15
48.72 5 -15
48.73 5 -15
48.75 4 -15
48.77 4 -15
48.78 3 -14
48.80 3 -14
48.82 3 -13
48.83 3 -12
48.85 3 -11
48.87 3 -11
48.88 3 -10
48.90 3 -10
48.92 3 -10
48.93 3 -10
48.95 3 -10
48.97 3 -11
48.98 3 -11
49.00 3 -13
49.02 3 -14
49.03 3 -15
49.05 3 -17
49.07 3 -18
49.08 3 -21
49.10 3 -23
49.12 4 -24
49.13 4 -24
49.15 4 -24
49.17 5 -24
49.18 5 -23
49.20 4 -23
49.22 4 -22
49.23 3 -21
49.25 3 -21
49.27 3 -22
49.28 3 -23
49.30 3 -24
49.32 3 -26
49.33 2 -27
49.35 2 -29
49.37 0 -30
49.38 -1 -31
49.40 -3 -33
49.42 -4 -34
49.43 -5 -36
49.45 -6 -36
49.47 -6 -34
49.48 -6 -33
49.50 -6 -31
49.52 -7 -29
49.53 -7 -27
49.55 -8 -26
49.57 -8 -24
49.58 -8 -23
49.60 -8 -19
49.62 -8 -18
49.63 -7 -15
49.65 -6 -13
49.67 -5 -11
49.68 -4 -9
49.70 -3 -8
49.72 -2 -6
49.73 -1 -4
49.75 0 -1
49.77 0 0
49.78 1 0
49.80 1 0
49.82 1 1
49.83 2 1
49.85 2 2
49.87 2 2
49.88 2 2
49.90 2 2
49.92 1 1
49.93 1 0
49.95 0 0
49.97 0 0
49.98 0 0
50.00 0 0
50.02 0 -1
50.03 0 -1
50.05 -1 -2
50.07 -2 -2
50.08 -2 -2
50.10 -3 -2
50.12 -3 -2
50.13 -3 -2
50.15 -3 -2
50.17 -3 -2
50.18 -3 -2
50.20 -3 -2
50.22 -3 -2
50.23 -3 -2
50.25 -3 -2
50.27 -3 -1
50.28 -3 -1
50.30 -3 -1
50.32 -3 -1
50.33 -3 0
50.35 -3 0
50.37 -3 0
50.38 -3 0
50.40 -3 0
50.42 -2 0
50.43 -2 0
50.45 -2 0
50.47 -1 0
50.48 -1 0
50.50 -1 0
50.52 0 0
50.53 0 0
50.55 0 0
50.57 0 0
50.58 0 0
50.60 0 0
50.62 0 0
50.63 0 0
50.65 0 0
50.67 0 0
50.68 0 0
50.70 0 0
50.72 0 0
50.73 0 0
50.75 0 0
50.77 0 0
50.78 0 0
50.80 0 0
50.82 0 -1
50.83 0 -1
50.85 0 -1
50.87 0 -1
50.88 -1 -1
50.90 -1 -1
50.92 -1 -1
50.93 -1 -1
50.95 -1 -1
50.97 -1 -1
50.98 -1 -1
51.00 0 -1
51.02 0 -1
51.03 0 -1
51.05 -1 0
51.07 -1 0
51.08 -1 0
51.10 -1 0
51.12 -1 0
51.13 -1 0
51.15 -1 0
51.17 -2 0
51.18 -2 0
51.20 -2 0
51.22 -2 0
51.23 -2 0
51.25 -3 0
51.27 -3 0
51.28 -3 0
51.30 -3 0
51.32 -3 0
51.33 -4 0
51.35 -4 0
51.37 -4 0
51.38 -4 0
51.40 -4 0
51.42 -4 0
51.43 -4 0
51.45 -4 0
51.47 -4 0
51.48 -4 0
51.50 -4 0
51.52 -4 0
51.53 -4 -1
51.55 -4 -1
51.57 -4 -1
51.58 -4 -1
51.60 -5 -1
51.62 -5 -2
51.63 -7 -3
51.65 -7 -4
51.67 -8 -5
51.68 -9 -6
51.70 -9 -7
51.72 -8 -8
51.73 -6 -6
51.75 -1 -1
51.77 8 8
51.78 26 25
51.80 56 54
51.82 98 92
51.83 152 141
51.85 218 198
51.87 294 263
51.88 455 406
51.90 524 467
51.92 580 514
51.93 620 548
51.95 649 577
51.97 666 590
51.98 674 594
52.00 677 591
52.02 677 585
52.03 677 586
52.05 676 587
52.07 674 582
52.08 675 582
52.10 676 580
52.12 676 583
52.13 677 584
52.15 676 582
52.17 677 584
52.18 680 589
52.20 679 589
52.22 679 589
52.23 680 589
52.25 680 589
52.27 680 588
52.28 680 591
52.30 672 590
52.32 674 587
52.33 674 587
52.35 678 587
52.37 677 590
52.38 677 589
52.40 681 590
52.42 680 593
52.43 679 594
52.45 677 594
52.47 676 593
52.48 675 592
52.50 673 591
52.52 672 591
52.53 671 588
52.55 671 584
52.57 670 583
52.58 670 582
52.60 670 582
52.62 669 582
52.63 668 582
52.65 669 582
52.67 669 584
52.68 670 584
52.70 671 583
52.72 671 581
52.73 674 580
52.75 674 580
52.77 674 580
52.78 675 581
52.80 674 582
52.82 674 583
52.83 673 585
52.85 672 586
52.87 672 586
52.88 673 587
52.90 675 586
52.92 675 586
52.93 676 583
52.95 675 583
52.97 674 584
52.98 674 584
53.00 672 586
53.02 671 585
53.03 670 586
53.05 668 588
53.07 666 588
53.08 666 588
53.10 665 587
53.12 665 586
53.13 664 586
53.15 664 585
53.17 663 584
53.18 662 582
53.20 662 581
53.22 664 579
53.23 665 579
53.25 666 578
53.27 667 579
53.28 667 578
53.30 668 579
53.32 668 579
53.33 669 578
53.35 667 576
53.37 668 576
53.38 671 576
53.40 673 576
53.42 672 577
53.43 673 578
53.45 673 579
53.47 673 580
53.48 673 581
53.50 671 583
53.52 669 583
53.53 668 585
53.55 665 584
53.57 664 581
53.58 663 580
53.60 662 580
53.62 661 581
53.63 661 581
53.65 660 582
53.67 660 584
53.68 659 584
53.70 659 584
53.72 659 585
53.73 659 583
53.75 659 583
53.77 659 582
53.78 660 581
53.80 660 580
53.82 661 579
53.83 662 577
53.85 662 574
53.87 664 574
53.88 664 574
53.90 664 574
53.92 664 574
53.93 664 574
53.95 664 574
53.97 661 574
53.98 660 573
54.00 661 572
54.02 663 572
54.03 663 572
54.05 663 572
54.07 663 574
54.08 661 575
54.10 660 577
54.12 658 577
54.13 656 579
54.15 654 578
54.17 653 577
54.18 652 577
54.20 652 574
54.22 652 575
54.23 652 575
54.25 651 575
54.27 652 577
54.28 652 577
54.30 652 578
54.32 652 580
54.33 652 580
54.35 652 580
54.37 652 579
54.38 653 578
54.40 653 578
54.42 654 578
54.43 654 576
54.45 654 575
54.47 653 573
54.48 652 573
54.50 653 572
54.52 652 572
54.53 649 569
54.55 647 568
54.57 645 565
54.58 640 561
54.60 636 558
54.62 632 551
54.63 628 551
54.65 623 543
54.67 614 539
54.68 603 535
54.70 589 530
54.72 570 522
54.73 516 511
54.75 483 494
54.77 446 443
54.78 403 443
54.80 356 370
54.82 307 326
54.83 259 279
54.85 177 232
54.87 144 191
54.88 91 124
54.90 71 97
54.92 53 73
54.93 37 38
54.95 24 38
54.97 13 10
54.98 4 0
55.00 -8 -8
55.02 -8 -14
55.03 -11 -18
55.05 -15 -20
55.07 -16 -20
55.08 -16 -19
55.10 -15 -16
55.12 -14 -14
55.13 -12 -12
55.15 -10 -10
55.17 -8 -9
55.18 -7 -8
55.20 -6 -7
55.22 -5 -6
55.23 -4 -5
55.25 -4 -4
55.27 -4 -2
55.28 -3 -2
55.30 -3 -1
55.32 -4 -1
55.33 -4 0
55.35 -4 0
55.37 -4 0
55.38 -4 0
55.40 -4 0
55.42 -4 0
55.43 -3 0
55.45 -3 0
55.47 -3 1
55.48 -2 1
55.50 -2 1
55.52 -2 1
55.53 -3 1
55.55 -3 1
55.57 -3 0
55.58 -4 0
55.60 -4 0
55.62 -4 0
55.63 -4 0
55.65 -4 0
55.67 -4 0
55.68 -4 0
55.70 -3 0
55.72 -3 0
55.73 -3 0
55.75 -3 0
55.77 -2 0
55.78 -2 0
55.80 -2 0
55.82 -1 0
55.83 -1 0
55.85 -1 0
55.87 -1 0
55.88 -1 0
55.90 -1 0
55.92 -1 0
55.93 -1 0
55.95 -1 0
55.97 -1 0
55.98 -1 0
56.00 -1 0
56.02 -1 0
56.03 -1 0
56.05 -2 0
56.07 -2 0
56.08 -2 0
56.10 -2 0
56.12 -2 0
56.13 -2 0
56.15 -1 0
56.17 -1 0
56.18 -1 0
56.20 -1 0
56.22 -1 1
56.23 -1 1
56.25 -1 1
56.27 -1 1
56.28 -1 1
56.30 -1 1
56.32 -1 0
56.33 -1 0
56.35 -1 0
56.37 -1 0
56.38 -1 0
56.40 -1 0
56.42 -1 0
56.43 -1 0
56.45 -1 0
56.47 -1 0
56.48 -1 0
56.50 -1 0
56.52 0 0
56.53 0 0
56.55 0 1
56.57 0 1
56.58 0 1
56.60 0 1
56.62 0 1
56.63 0 1
56.65 0 1
56.67 0 1
56.68 0 1
56.70 0 1
56.72 0 0
56.73 0 0
56.75 0 0
56.77 0 0
56.78 0 0
56.80 0 0
56.82 0 0
56.83 0 0
56.85 0 0
56.87 0 0
56.88 0 0
56.90 0 0
56.92 0 0
56.93 0 0
56.95 0 0
56.97 0 0
56.98 0 0
57.00 0 0
57.02 0 0
57.03 0 0
57.05 0 0
57.07 0 0
57.08 0 0
57.10 0 0
57.12 0 0
57.13 0 0
57.15 0 0
57.17 0 0
57.18 0 0
57.20 0 0
57.22 0 0
57.23 0 0
57.25 0 0
57.27 0 0
57.28 0 0
57.30 0 0
57.32 0 0
57.33 0 0
57.35 0 0
57.37 0 0
57.38 0 0
57.40 0 0
57.42 0 0
57.43 0 0
57.45 0 0
57.47 0 0
57.48 0 0
57.50 0 0
57.52 0 0
57.53 0 0
57.55 0 0
57.57 0 0
57.58 0 0
57.60 0 0
57.62 0 0
57.63 0 0
57.65 0 0
57.67 0 0
57.68 0 0
57.70 0 0
57.72 0 0
57.73 0 0
57.75 0 0
57.77 0 0
57.78 0 0
57.80 0 0
57.82 0 0
57.83 0 0
57.85 0 0
57.87 0 0
57.88 0 0
57.90 0 0
57.92 0 0
57.93 0 0
57.95 0 0
57.97 0 0
57.98 0 0
58.00 0 0
58.02 0 0
58.03 0 0
58.05 0 0
58.07 0 0
58.08 0 0
58.10 0 0
58.12 0 0
58.13 0 0
58.15 0 0
58.17 0 0
58.18 0 0
58.20 0 0
58.22 0 0
58.23 0 0
58.25 0 0
58.27 0 0
58.28 0 0
58.30 0 0
58.32 0 0
58.33 0 0
58.35 0 0
58.37 0 0
58.38 0 0
58.40 0 0
58.42 0 0
58.43 0 0
58.45 0 0
58.47 0 0
58.48 0 0
58.50 0 0
58.52 0 0
58.53 0 0
58.55 0 0
58.57 0 0
58.58 0 0
58.60 0 0
58.62 0 0
58.63 0 0
58.65 0 0
58.67 0 0
58.68 0 0
58.70 0 0
58.72 0 0
58.73 0 0
58.75 0 0
58.77 0 0
58.78 0 0
58.80 0 0
58.82 0 0
58.83 0 0
58.85 0 0
58.87 0 0
58.88 0 0
58.90 0 0
58.92 0 0
58.93 0 0
58.95 0 0
58.97 0 0
58.98 0 0
59.00 0 0
59.02 0 0
59.03 0 0
59.05 0 0
59.07 0 0
59.08 0 0
59.10 0 0
59.12 0 0
59.13 0 0
59.15 0 0
59.17 0 0
59.18 0 0
59.20 0 0
59.22 0 0
59.23 0 0
59.25 0 0
59.27 0 0
59.28 0 0
59.30 0 0
59.32 0 0
59.33 0 0
59.35 0 0
59.37 0 0
59.38 0 0
59.40 0 0
59.42 0 0
59.43 0 0
59.45 0 0
59.47 0 0
59.48 0 0
59.50 0 0
59.52 0 0
59.53 0 0
59.55 0 0
59.57 0 0
59.58 0 0
59.60 0 0
59.62 0 0
59.63 0 0
59.65 0 0
59.67 0 0
59.68 0 0
59.70 0 0
59.72 0 0
59.73 0 0
59.75 0 0
59.77 1 0
59.78 1 0
59.80 1 0
59.82 1 0
59.83 1 0
59.85 1 -1
59.87 0 -1
59.88 0 -1
59.90 0 -1
59.92 0 -1
59.93 0 0
59.95 0 0
59.97 0 0
59.98 0 0
60.00 0 0
60.02 0 0
60.03 0 0
60.05 0 0
60.07 0 0
60.08 0 0
60.10 0 0
60.12 0 0
60.13 0 0
60.15 0 0
60.17 0 0
60.18 0 0
60.20 0 0
60.22 0 0
60.23 0 0
60.25 0 0
60.27 0 0
60.28 0 0
60.30 0 0
60.32 0 0
60.33 0 0
60.35 0 0
60.37 -1 0
60.38 -1 0
60.40 -1 0
60.42 -1 0
60.43 -1 0
60.45 -1 0
60.47 -1 -1
60.48 -1 -1
60.50 0 -1
60.52 0 -1
60.53 0 0
60.55 0 0
60.57 1 0
60.58 1 0
60.60 2 0
60.62 2 0
60.63 3 0
60.65 3 0
60.67 2 0
60.68 2 0
60.70 1 0
60.72 0 -1
60.73 0 -3
60.75 -1 -4
60.77 -3 -5
60.78 -4 -6
60.80 -5 -7
60.82 -7 -9
60.83 -9 -10
60.85 -10 -12
60.87 -11 -15
60.88 -13 -17
60.90 -14 -18
60.92 -16 -20
60.93 -17 -21
60.95 -19 -23
60.97 -21 -25
60.98 -26 -27
61.00 -29 -29
61.02 -35 -36
61.03 -41 -42
61.05 -44 -45
61.07 -47 -48
61.08 -49 -50
61.10 -52 -52
61.12 -54 -53
61.13 -58 -54
61.15 -58 -55
61.17 -61 -56
61.18 -62 -56
61.20 -63 -56
61.22 -64 -56
61.23 -65 -56
61.25 -65 -55
61.27 -65 -55
61.28 -64 -54
61.30 -64 -54
61.32 -63 -53
61.33 -62 -52
61.35 -60 -52
61.37 -59 -52
61.38 -57 -51
61.40 -53 -50
61.42 -50 -49
61.43 -48 -48
61.45 -45 -44
61.47 -43 -42
61.48 -41 -39
61.50 -38 -37
61.52 -36 -34
61.53 -34 -31
61.55 -30 -28
61.57 -30 -25
61.58 -26 -19
61.60 -24 -19
61.62 -23 -13
61.63 -22 -8
61.65 -22 -8
61.67 -24 -9
61.68 -28 -11
61.70 -34 -15
61.72 -53 -21
61.73 -65 -38
61.75 -79 -48
61.77 -96 -59
61.78 -113 -71
61.80 -132 -86
61.82 -152 -102
61.83 -197 -141
61.85 -197 -141
61.87 -253 -195
61.88 -321 -269
61.90 -363 -312
61.92 -414 -360
61.93 -468 -408
61.95 -518 -466
61.97 -561 -518
61.98 -595 -556
62.00 -620 -585
62.02 -638 -604
62.03 -651 -627
62.05 -651 -627
62.07 -651 -626
62.08 -652 -625
62.10 -651 -626
62.12 -649 -625
62.13 -649 -625
62.15 -649 -625
62.17 -648 -627
62.18 -648 -627
62.20 -648 -627
62.22 -650 -628
62.23 -649 -632
62.25 -648 -633
62.27 -646 -633
62.28 -645 -633
62.30 -644 -634
62.32 -642 -631
62.33 -642 -631
62.35 -642 -631
62.37 -643 -631
62.38 -643 -631
62.40 -643 -631
62.42 -643 -631
62.43 -643 -632
62.45 -643 -632
62.47 -643 -632
62.48 -644 -631
62.50 -644 -630
62.52 -644 -629
62.53 -644 -628
62.55 -645 -625
62.57 -645 -625
62.58 -645 -622
62.60 -646 -622
62.62 -646 -622
62.63 -646 -620
62.65 -646 -620
62.67 -646 -620
62.68 -643 -619
62.70 -643 -620
62.72 -644 -620
62.73 -643 -622
62.75 -643 -622
62.77 -644 -622
62.78 -644 -625
62.80 -642 -628
62.82 -641 -629
62.83 -638 -629
62.85 -638 -630
62.87 -637 -630
62.88 -636 -629
62.90 -636 -629
62.92 -637 -629
62.93 -638 -628
62.95 -638 -628
62.97 -637 -627
62.98 -638 -627
63.00 -638 -628
63.02 -638 -625
63.03 -639 -624
63.05 -640 -623
63.07 -640 -622
63.08 -640 -621
63.10 -641 -619
63.12 -641 -619
63.13 -641 -618
63.15 -640 -617
63.17 -640 -617
63.18 -640 -617
63.20 -640 -617
63.22 -638 -616
63.23 -638 -617
63.25 -638 -618
63.27 -638 -618
63.28 -638 -618
63.30 -638 -619
63.32 -638 -619
63.33 -638 -619
63.35 -636 -619
63.37 -633 -622
63.38 -633 -622
63.40 -632 -621
63.42 -631 -621
63.43 -631 -621
63.45 -629 -618
63.47 -628 -616
63.48 -626 -616
63.50 -625 -616
63.52 -624 -615
63.53 -623 -612
63.55 -615 -610
63.57 -608 -592
63.58 -597 -577
63.60 -582 -555
63.62 -560 -521
63.63 -534 -484
63.65 -506 -447
63.67 -476 -411
63.68 -418 -375
63.70 -418 -338
63.72 -364 -269
63.73 -338 -236
63.75 -313 -204
63.77 -287 -173
63.78 -261 -144
63.80 -235 -118
63.82 -211 -96
63.83 -188 -77
63.85 -148 -43
63.87 -130 -28
63.88 -114 -15
63.90 -99 -2
63.92 -85 -2
63.93 -71 18
63.95 -59 27
63.97 -47 33
63.98 -37 38
64.00 -18 41
64.02 -3 41
64.03 2 38
64.05 7 35
64.07 11 31
64.08 14 26
64.10 16 21
64.12 17 16
64.13 18 11
64.15 18 3
64.17 17 0
64.18 17 -4
64.20 16 -6
64.22 15 -8
64.23 15 -10
64.25 14 -11
64.27 13 -11
64.28 13 -11
64.30 12 -8
64.32 12 -8
64.33 11 -5
64.35 11 -4
64.37 10 -2
64.38 9 -1
64.40 8 0
64.42 8 0
64.43 6 2
64.45 6 3
64.47 6 5
64.48 6 6
64.50 6 7
64.52 5 8
64.53 5 9
64.55 5 10
64.57 6 11
64.58 6 12
64.60 6 12
64.62 6 14
64.63 6 14
64.65 6 15
64.67 6 15
64.68 6 16
64.70 6 16
64.72 6 16
64.73 6 17
64.75 7 17
64.77 7 18
64.78 7 18
64.80 7 18
64.82 7 19
64.83 7 19
64.85 7 19
64.87 7 20
64.88 7 20
64.90 7 20
64.92 7 21
64.93 7 21
64.95 7 21
64.97 8 22
64.98 9 22
65.00 11 22
65.02 12 22
65.03 12 22
65.05 13 21
65.07 14 19
65.08 14 17
65.10 15 14
65.12 14 11
65.13 13 8
65.15 13 4
65.17 12 1
65.18 12 -1
65.20 11 -5
65.22 11 -6
65.23 10 -7
65.25 10 -7
65.27 10 -7
65.28 11 -6
65.30 11 -5
65.32 12 -4
65.33 13 -3
65.35 14 -1
65.37 17 0
65.38 18 1
65.40 19 2
65.42 20 3
65.43 22 3
65.45 22 4
65.47 23 4
65.48 24 4
65.50 27 5
65.52 28 5
65.53 30 5
65.55 35 5
65.57 35 5
65.58 39 5
65.60 39 5
65.62 43 5
65.63 45 5
65.65 46 5
65.67 47 5
65.68 47 5
65.70 47 5
65.72 47 5
65.73 47 5
65.75 47 5
65.77 47 4
65.78 47 4
65.80 48 4
65.82 49 4
65.83 50 3
65.85 51 3
65.87 53 3
65.88 55 3
65.90 56 3
65.92 56 3
65.93 57 2
65.95 57 2
65.97 56 2
65.98 56 1
66.00 55 0
66.02 54 0
66.03 51 0
66.05 49 0
66.07 47 0
66.08 45 0
66.10 43 -1
66.12 41 -1
66.13 39 -2
66.15 36 -3
66.17 32 -3
66.18 30 -3
66.20 28 -4
66.22 25 -4
66.23 23 -4
66.25 20 -4
66.27 20 -4
66.28 20 -4
66.30 20 -4
66.32 15 -6
66.33 13 -6
66.35 11 -6
66.37 11 -6
66.38 8 -6
66.40 8 -6
66.42 7 -6
66.43 2 -5
66.45 -2 -5
66.47 -10 -5
66.48 -35 -4
66.50 -56 -4
66.52 -84 -3
66.53 -117 -3
66.55 -157 -2
66.57 -204 -1
66.58 -255 -1
66.60 -355 0
66.62 -397 0
66.63 -397 0
66.65 -494 0
66.67 -523 0
66.68 -523 2
66.70 -575 3
66.72 -575 4
66.73 -575 4
66.75 -658 5
66.77 -687 5
66.78 -725 3
66.80 -725 3
66.82 -746 0
66.83 -752 0
66.85 -751 -1
66.87 -749 -2
66.88 -749 -3
66.90 -748 -3
66.92 -746 -4
66.93 -745 -4
66.95 -745 -4
66.97 -745 -4
66.98 -746 -3
67.00 -746 -2
67.02 -746 -1
67.03 -748 0
67.05 -748 0
67.07 -749 1
67.08 -749 4
67.10 -750 5
67.12 -751 6
67.13 -750 7
67.15 -751 8
67.17 -751 8
67.18 -751 8
67.20 -750 8
67.22 -749 8
67.23 -748 7
67.25 -748 4
67.27 -749 3
67.28 -748 2
67.30 -748 1
67.32 -748 1
67.33 -747 1
67.35 -745 0
67.37 -744 0
67.38 -744 0
67.40 -743 0
67.42 -743 0
67.43 -745 0
67.45 -746 0
67.47 -745 0
67.48 -744 0
67.50 -744 0
67.52 -744 0
67.53 -742 0
67.55 -742 0
67.57 -743 0
67.58 -743 0
67.60 -744 0
67.62 -745 -1
67.63 -745 -1
67.65 -746 -1
67.67 -745 -2
67.68 -741 -3
67.70 -740 -3
67.72 -742 -3
67.73 -742 -3
67.75 -742 -3
67.77 -743 -2
67.78 -742 -2
67.80 -741 -2
67.82 -739 -1
67.83 -739 -1
67.85 -738 0
67.87 -737 0
67.88 -737 0
67.90 -737 0
67.92 -734 0
67.93 -734 0
67.95 -735 0
67.97 -735 0
67.98 -735 0
68.00 -736 0
68.02 -738 0
68.03 -739 0
68.05 -739 0
68.07 -740 0
68.08 -740 0
68.10 -740 0
68.12 -741 0
68.13 -740 0
68.15 -740 0
68.17 -739 0
68.18 -739 0
68.20 -736 0
68.22 -736 0
68.23 -737 0
68.25 -737 0
68.27 -738 0
68.28 -738 0
68.30 -736 0
68.32 -735 0
68.33 -733 0
68.35 -732 0
68.37 -732 0
68.38 -731 0
68.40 -730 0
68.42 -731 0
68.43 -731 0
68.45 -731 0
68.47 -731 0
68.48 -731 0
68.50 -730 0
68.52 -728 0
68.53 -728 0
68.55 -728 0
68.57 -728 0
68.58 -728 0
68.60 -728 0
68.62 -728 0
68.63 -728 0
68.65 -726 0
68.67 -724 0
68.68 -721 0
68.70 -717 0
68.72 -711 0
68.73 -703 0
68.75 -703 0
68.77 -703 0
68.78 -703 0
68.80 -681 0
68.82 -673 0
68.83 -662 0
68.85 -635 0
68.87 -618 0
68.88 -600 0
68.90 -580 0
68.92 -558 0
68.93 -534 0
68.95 -507 1
68.97 -478 2
68.98 -446 2
69.00 -446 2
69.02 -337 3
69.03 -297 4
69.05 -297 4
69.07 -219 5
69.08 -147 6
69.10 -115 7
69.12 -115 7
69.13 -62 7
69.15 -5 8
69.17 8 8
69.18 20 8
69.20 29 8
69.22 43 7
69.23 43 7
69.25 49 6
69.27 49 6
69.28 49 5
69.30 47 3
69.32 42 1
69.33 39 0
69.35 36 -1
69.37 33 -2
69.38 30 -3
69.40 28 -4
69.42 26 -5
69.43 24 -7
69.45 21 -7
69.47 21 -7
69.48 21 -8
69.50 21 -8
69.52 21 -8
69.53 22 -7
69.55 22 -7
69.57 23 -7
69.58 23 -6
69.60 25 -5
69.62 25 -5
69.63 28 -4
69.65 30 -3
69.67 31 -2
69.68 33 -1
69.70 35 -1
69.72 37 0
69.73 38 1
69.75 41 2
69.77 43 2
69.78 46 4
69.80 48 4
69.82 50 5
69.83 50 5
69.85 55 6
69.87 57 6
69.88 60 6
69.90 62 6
69.92 67 6
69.93 67 5
69.95 72 5
69.97 75 5
69.98 77 4
70.00 80 4
70.02 83 4
70.03 86 3
70.05 90 3
70.07 96 3
70.08 99 3
70.10 101 2
70.12 104 2
70.13 107 2
70.15 109 2
70.17 110 2
70.18 112 2
70.20 112 2
70.22 112 2
70.23 112 2
70.25 112 2
70.27 111 1
70.28 110 1
70.30 108 1
70.32 106 0
70.33 103 0
70.35 98 0
70.37 94 0
70.38 90 0
70.40 86 0
70.42 82 0
70.43 78 0
70.45 74 0
70.47 70 0
70.48 67 0
70.50 64 0
70.52 57 -1
70.53 54 -1
70.55 51 -2
70.57 47 -2
70.58 40 -3
70.60 37 -3
70.62 29 -4
70.63 25 -4
70.65 25 -4
70.67 16 -4
70.68 6 -5
70.70 6 -5
70.72 -5 -5
70.73 -5 -7
70.75 -5 -7
70.77 -41 -9
70.78 -41 -9
70.80 -63 -9
70.82 -63 -9
70.83 -225 -13
70.85 -279 -14
70.87 -335 -14
70.88 -392 -15
70.90 -446 -16
70.92 -491 -16
70.93 -533 -17
70.95 -574 -18
70.97 -615 -18
70.98 -698 -18
71.00 -738 -18
71.02 -770 -19
71.03 -807 -19
71.05 -835 -20
71.07 -855 -23
71.08 -870 -25
71.10 -886 -27
71.12 -891 -28
71.13 -891 -29
71.15 -891 -29
71.17 -892 -28
71.18 -890 -27
71.20 -887 -26
71.22 -887 -25
71.23 -888 -21
71.25 -888 -19
71.27 -887 -17
71.28 -885 -14
71.30 -885 -12
71.32 -884 -10
71.33 -884 -7
71.35 -883 -5
71.37 -882 -3
71.38 -883 0
71.40 -883 1
71.42 -883 2
71.43 -883 3
71.45 -883 3
71.47 -882 4
71.48 -883 4
71.50 -884 4
71.52 -884 3
71.53 -885 3
71.55 -886 3
71.57 -886 3
71.58 -886 3
71.60 -886 3
71.62 -879 2
71.63 -877 2
71.65 -879 3
71.67 -879 3
71.68 -878 4
71.70 -877 5
71.72 -879 5
71.73 -878 6
71.75 -877 6
71.77 -877 6
71.78 -877 6
71.80 -877 6
71.82 -879 6
71.83 -879 6
71.85 -878 6
71.87 -879 6
71.88 -877 6
71.90 -878 5
71.92 -878 5
71.93 -879 5
71.95 -880 4
71.97 -880 4
71.98 -880 4
72.00 -880 4
72.02 -880 3
72.03 -880 3
72.05 -871 2
72.07 -872 2
72.08 -873 2
72.10 -872 2
72.12 -872 2
72.13 -874 2
72.15 -874 2
72.17 -873 1
72.18 -872 1
72.20 -875 0
72.22 -875 0
72.23 -874 0
72.25 -875 0
72.27 -873 0
72.28 -873 0
72.30 -872 0
72.32 -873 0
72.33 -874 0
72.35 -874 -1
72.37 -875 -1
72.38 -875 -1
72.40 -875 -1
72.42 -876 -1
72.43 -875 -1
72.45 -875 0
72.47 -873 0
72.48 -872 0
72.50 -872 0
72.52 -873 0
72.53 -872 0
72.55 -870 0
72.57 -869 0
72.58 -869 0
72.60 -868 0
72.62 -867 1
72.63 -864 0
72.65 -865 0
72.67 -866 0
72.68 -867 0
72.70 -867 0
72.72 -868 0
72.73 -869 0
72.75 -869 0
72.77 -870 0
72.78 -870 0
72.80 -870 0
72.82 -870 0
72.83 -870 0
72.85 -870 0
72.87 -868 1
72.88 -867 1
72.90 -868 1
72.92 -869 1
72.93 -867 1
72.95 -866 1
72.97 -866 0
72.98 -863 0
73.00 -862 0
73.02 -861 0
73.03 -864 0
73.05 -864 0
73.07 -864 0
73.08 -864 0
73.10 -863 0
73.12 -864 0
73.13 -863 0
73.15 -863 0
73.17 -864 0
73.18 -864 0
73.20 -864 0
73.22 -865 0
73.23 -865 0
73.25 -865 0
73.27 -865 0
73.28 -864 0
73.30 -865 0
73.32 -865 0
73.33 -864 0
73.35 -865 0
73.37 -861 0
73.38 -860 0
73.40 -859 0
73.42 -856 0
73.43 -855 0
73.45 -853 0
73.47 -854 0
73.48 -854 0
73.50 -852 0
73.52 -850 0
73.53 -848 0
73.55 -846 1
73.57 -844 1
73.58 -842 1
73.60 -840 1
73.62 -836 1
73.63 -832 1
73.65 -822 1
73.67 -815 1
73.68 -809 1
73.70 -801 1
73.72 -790 1
73.73 -780 1
73.75 -770 1
73.77 -759 1
73.78 -748 1
73.80 -736 0
73.82 -709 0
73.83 -693 0
73.85 -676 0
73.87 -639 0
73.88 -618 0
73.90 -597 1
73.92 -574 1
73.93 -551 1
73.95 -529 2
73.97 -485 2
73.98 -465 2
74.00 -447 2
74.02 -428 3
74.03 -408 3
74.05 -386 3
74.07 -363 3
74.08 -338 3
74.10 -314 3
74.12 -289 3
74.13 -240 3
74.15 -216 3
74.17 -194 3
74.18 -170 3
74.20 -147 3
74.22 -124 3
74.23 -78 3
74.25 -78 3
74.27 -16 3
74.28 1 3
74.30 16 3
74.32 29 3
74.33 39 2
74.35 47 2
74.37 52 2
74.38 54 1
74.40 46 0
74.42 41 0
74.43 35 0
74.45 29 -1
74.47 23 -2
74.48 18 -2
74.50 13 -3
74.52 9 -4
74.53 5 -4
74.55 1 -5
74.57 0 -5
74.58 0 -5
74.60 0 -6
74.62 0 -6
74.63 1 -6
74.65 3 -6
74.67 3 -5
74.68 6 -5
74.70 7 -5
74.72 9 -4
74.73 10 -4
74.75 11 -3
74.77 12 -2
74.78 12 -2
74.80 12 0
74.82 12 0
74.83 11 0
74.85 11 1
74.87 10 1
74.88 9 1
74.90 8 2
74.92 6 2
74.93 5 2
74.95 4 2
74.97 4 2
74.98 3 1
75.00 3 1
75.02 3 1
75.03 4 1
75.05 4 0
75.07 4 0
75.08 4 0
75.10 4 0
75.12 5 0
75.13 5 0
75.15 5 0
75.17 6 1
75.18 6 2
75.20 7 2
75.22 8 3
75.23 9 3
75.25 9 4
75.27 10 4
75.28 11 4
75.30 12 5
75.32 13 5
75.33 14 6
75.35 16 7
75.37 18 10
75.38 18 10
75.40 22 13
75.42 24 15
75.43 25 17
75.45 27 19
75.47 29 21
75.48 33 24
75.50 34 26
75.52 35 27
75.53 36 27
75.55 37 28
75.57 37 28
75.58 38 29
75.60 39 29
75.62 40 30
75.63 45 35
75.65 47 37
75.67 50 40
75.68 52 43
75.70 55 47
75.72 57 51
75.73 60 56
75.75 63 60
75.77 66 64
75.78 68 68
75.80 71 72
75.82 73 76
75.83 77 83
75.85 79 86
75.87 81 89
75.88 83 92
75.90 84 94
75.92 86 95
75.93 87 94
75.95 89 93
75.97 89 90
75.98 89 88
76.00 89 86
76.02 88 86
76.03 88 83
76.05 87 81
76.07 85 78
76.08 84 75
76.10 82 72
76.12 78 66
76.13 78 62
76.15 78 62
76.17 78 55
76.18 63 51
76.20 60 48
76.22 56 45
76.23 52 42
76.25 45 38
76.27 42 32
76.28 38 29
76.30 35 25
76.32 32 22
76.33 29 18
76.35 26 15
76.37 23 12
76.38 21 10
76.40 20 7
76.42 18 4
76.43 14 -1
76.45 14 -1
76.47 8 -8
76.48 3 -13
76.50 -2 -20
76.52 -11 -27
76.53 -23 -37
76.55 -39 -50
76.57 -116 -109
76.58 -116 -136
76.60 -191 -167
76.62 -234 -201
76.63 -280 -239
76.65 -326 -278
76.67 -371 -319
76.68 -414 -401
76.70 -455 -401
76.72 -494 -480
76.73 -557 -519
76.75 -557 -557
76.77 -619 -595
76.78 -619 -636
76.80 -654 -680
76.82 -654 -680
76.83 -764 -762
76.85 -790 -813
76.87 -828 -825
76.88 -842 -845
76.90 -842 -845
76.92 -843 -841
76.93 -843 -840
76.95 -843 -845
76.97 -845 -852
76.98 -843 -852
77.00 -843 -852
77.02 -840 -855
77.03 -838 -853
77.05 -837 -851
77.07 -835 -851
77.08 -833 -852
77.10 -837 -851
77.12 -837 -845
77.13 -838 -844
77.15 -838 -844
77.17 -837 -841
77.18 -837 -840
77.20 -837 -838
77.22 -838 -840
77.23 -838 -838
77.25 -838 -838
77.27 -838 -838
77.28 -839 -838
77.30 -839 -838
77.32 -838 -839
77.33 -838 -841
77.35 -838 -841
77.37 -835 -842
77.38 -834 -844
77.40 -834 -848
77.42 -834 -851
77.43 -836 -852
77.45 -836 -851
77.47 -834 -851
77.48 -833 -851
77.50 -833 -850
77.52 -832 -848
77.53 -830 -847
77.55 -826 -847
77.57 -827 -843
77.58 -827 -842
77.60 -827 -840
77.62 -828 -837
77.63 -828 -836
77.65 -830 -835
77.67 -831 -835
77.68 -831 -834
77.70 -831 -835
77.72 -832 -835
77.73 -833 -835
77.75 -833 -835
77.77 -833 -835
77.78 -833 -836
77.80 -833 -837
77.82 -829 -842
77.83 -829 -848
77.85 -829 -849
77.87 -830 -848
77.88 -831 -848
77.90 -829 -847
77.92 -829 -847
77.93 -829 -847
77.95 -826 -843
77.97 -824 -843
77.98 -824 -845
78.00 -825 -843
78.02 -825 -842
78.03 -826 -840
78.05 -825 -837
78.07 -825 -836
78.08 -825 -834
78.10 -825 -832
78.12 -825 -832
78.13 -826 -831
78.15 -826 -831
78.17 -826 -831
78.18 -826 -831
78.20 -827 -831
78.22 -827 -829
78.23 -827 -831
78.25 -826 -832
78.27 -825 -835
78.28 -824 -841
78.30 -824 -844
78.32 -824 -844
78.33 -825 -843
78.35 -822 -843
78.37 -821 -843
78.38 -821 -841
78.40 -821 -841
78.42 -820 -840
78.43 -819 -839
78.45 -820 -835
78.47 -819 -833
78.48 -819 -833
78.50 -819 -831
78.52 -819 -829
78.53 -820 -827
78.55 -819 -827
78.57 -820 -826
78.58 -820 -826
78.60 -821 -826
78.62 -821 -826
78.63 -821 -826
78.65 -822 -827
78.67 -822 -827
78.68 -822 -828
78.70 -821 -829
78.72 -818 -832
78.73 -818 -828
78.75 -817 -830
78.77 -818 -833
78.78 -820 -834
78.80 -819 -834
78.82 -819 -834
78.83 -818 -836
78.85 -816 -835
78.87 -815 -834
78.88 -813 -830
78.90 -812 -830
78.92 -811 -828
78.93 -812 -826
78.95 -812 -825
78.97 -812 -824
78.98 -813 -822
79.00 -814 -823
79.02 -815 -822
79.03 -815 -821
79.05 -815 -821
79.07 -815 -821
79.08 -816 -822
79.10 -817 -821
79.12 -817 -822
79.13 -817 -823
79.15 -817 -828
79.17 -815 -830
79.18 -814 -830
79.20 -815 -833
79.22 -815 -832
79.23 -816 -832
79.25 -815 -832
79.27 -814 -831
79.28 -812 -831
79.30 -811 -830
79.32 -810 -827
79.33 -808 -821
79.35 -809 -820
79.37 -810 -820
79.38 -810 -818
79.40 -810 -817
79.42 -810 -816
79.43 -809 -815
79.45 -808 -816
79.47 -808 -814
79.48 -808 -813
79.50 -808 -813
79.52 -808 -813
79.53 -808 -814
79.55 -808 -814
79.57 -808 -815
79.58 -808 -816
79.60 -808 -817
79.62 -799 -820
79.63 -798 -819
79.65 -800 -822
79.67 -799 -822
79.68 -801 -823
79.70 -800 -823
79.72 -803 -822
79.73 -802 -823
79.75 -801 -823
79.77 -801 -822
79.78 -799 -822
79.80 -797 -817
79.82 -798 -816
79.83 -799 -814
79.85 -798 -813
79.87 -798 -811
79.88 -797 -809
79.90 -795 -808
79.92 -794 -808
79.93 -794 -806
79.95 -793 -806
79.97 -793 -806
79.98 -792 -805
80.00 -791 -804
80.02 -790 -805
80.03 -789 -805
80.05 -787 -806
80.07 -785 -811
80.08 -782 -811
80.10 -778 -813
80.12 -774 -810
80.13 -771 -808
80.15 -763 -809
80.17 -759 -807
80.18 -754 -805
80.20 -749 -804
80.22 -742 -801
80.23 -737 -799
80.25 -731 -787
80.27 -724 -780
80.28 -715 -770
80.30 -695 -742
80.32 -674 -722
80.33 -663 -700
80.35 -650 -677
80.37 -636 -649
80.38 -622 -593
80.40 -607 -564
80.42 -589 -536
80.43 -570 -509
80.45 -551 -509
80.47 -509 -459
80.48 -509 -435
80.50 -464 -410
80.52 -441 -383
80.53 -417 -355
80.55 -393 -324
80.57 -370 -254
80.58 -347 -219
80.60 -327 -186
80.62 -306 -157
80.63 -266 -111
80.65 -228 -93
80.67 -208 -77
80.68 -188 -62
80.70 -168 -44
80.72 -148 -24
80.73 -127 9
80.75 -106 24
80.77 -87 35
80.78 -69 43
80.80 -55 49
80.82 -33 51
80.83 -25 52
80.85 -17 52
80.87 -10 50
80.88 -4 45
80.90 0 40
80.92 5 36
80.93 13 31
80.95 15 26
80.97 17 22
80.98 19 17
81.00 20 13
81.02 20 10
81.03 20 6
81.05 19 4
81.07 18 3
81.08 17 2
81.10 15 2
81.12 13 1
81.13 12 1
81.15 11 1
81.17 10 1
81.18 8 2
81.20 7 2
81.22 7 2
81.23 7 2
81.25 7 2
81.27 7 2
81.28 7 2
81.30 7 2
81.32 7 2
81.33 7 3
81.35 7 3
81.37 7 3
81.38 7 3
81.40 6 3
81.42 5 3
81.43 4 3
81.45 2 3
81.47 1 3
81.48 0 2
81.50 -4 2
81.52 -5 1
81.53 -8 0
81.55 -9 0
81.57 -9 0
81.58 -9 0
81.60 -9 -1
81.62 -8 -2
81.63 -6 -2
81.65 -4 -2
81.67 -3 -3
81.68 -1 -3
81.70 0 -3
81.72 1 -3
81.73 3 -3
81.75 4 -2
81.77 5 -2
81.78 6 -2
81.80 6 -1
81.82 6 -1
81.83 5 0
81.85 5 0
81.87 4 0
81.88 3 0
81.90 2 0
81.92 2 0
81.93 1 0
81.95 0 0
81.97 0 0
81.98 0 1
82.00 0 1
82.02 0 1
82.03 1 1
82.05 1 1
82.07 2 1
82.08 2 1
82.10 3 2
82.12 3 2
82.13 4 2
82.15 4 2
82.17 4 2
82.18 4 2
82.20 4 2
82.22 3 2
82.23 3 2
82.25 3 2
82.27 2 2
82.28 2 2
82.30 1 2
82.32 1 1
82.33 0 1
82.35 0 1
82.37 0 0
82.38 0 0
82.40 0 0
82.42 0 0
82.43 0 0
82.45 0 0
82.47 0 0
82.48 0 0
82.50 1 0
82.52 1 0
82.53 1 0
82.55 1 0
82.57 1 0
82.58 1 0
82.60 1 0
82.62 1 0
82.63 1 1
82.65 1 1
82.67 1 1
82.68 1 1
82.70 1 1
82.72 1 2
82.73 2 2
82.75 2 3
82.77 2 3
82.78 2 3
82.80 2 3
82.82 2 3
82.83 2 3
82.85 2 3
82.87 2 3
82.88 2 2
82.90 2 2
82.92 1 1
82.93 1 1
82.95 0 0
82.97 0 0
82.98 0 0
83.00 0 0
83.02 0 0
83.03 0 0
83.05 0 0
83.07 0 0
83.08 0 0
83.10 0 -1
83.12 0 -1
83.13 0 -1
83.15 0 -1
83.17 0 -1
83.18 0 0
83.20 0 0
83.22 0 0
83.23 0 0
83.25 0 0
83.27 0 0
83.28 0 0
83.30 0 0
83.32 0 0
83.33 0 0
83.35 0 1
83.37 0 1
83.38 0 1
83.40 0 1
83.42 0 1
83.43 0 1
83.45 1 1
83.47 1 1
83.48 1 1
83.50 1 1
83.52 1 1
83.53 1 1
83.55 2 1
83.57 2 1
83.58 2 2
83.60 2 2
83.62 2 2
83.63 2 2
83.65 2 2
83.67 2 2
83.68 2 2
83.70 2 2
83.72 1 2
83.73 1 2
83.75 1 2
83.77 0 2
83.78 0 1
83.80 0 1
83.82 0 1
83.83 0 0
83.85 0 0
83.87 0 0
83.88 0 0
83.90 0 0
83.92 0 0
83.93 0 0
83.95 0 0
83.97 0 0
83.98 0 1
84.00 0 2
84.02 0 2
84.03 1 3
84.05 1 3
84.07 1 3
84.08 1 4
84.10 0 3
84.12 0 3
84.13 0 3
84.15 0 3
84.17 0 2
84.18 0 1
84.20 0 1
84.22 0 0
84.23 -1 0
84.25 -1 0
84.27 -1 0
84.28 -1 0
84.30 -1 0
84.32 -1 0
84.33 -1 0
84.35 0 0
84.37 0 0
84.38 0 0
84.40 0 0
84.42 0 0
84.43 0 0
84.45 0 1
84.47 0 1
84.48 0 1
84.50 0 1
84.52 0 1
84.53 0 1
84.55 0 0
84.57 0 0
84.58 0 0
84.60 0 0
84.62 0 0
84.63 0 0
84.65 0 0
84.67 0 0
84.68 0 -1
84.70 0 -1
84.72 0 -1
84.73 0 -1
84.75 0 -1
84.77 0 -1
84.78 0 -1
84.80 0 -1
84.82 0 -1
84.83 0 0
84.85 0 0
84.87 0 0
84.88 0 0
84.90 0 0
84.92 0 0
84.93 0 0
84.95 0 0
84.97 0 1
84.98 0 1
85.00 0 1
85.02 0 1
85.03 0 1
85.05 0 1
85.07 0 1
85.08 0 0
85.10 0 0
85.12 0 0
85.13 0 0
85.15 0 0
85.17 0 0
85.18 0 0
85.20 0 0
85.22 0 0
85.23 0 0
85.25 0 0
85.27 0 0
85.28 0 0
85.30 0 0
85.32 0 0
85.33 0 0
85.35 0 0
85.37 0 0
85.38 0 0
85.40 0 0
85.42 0 0
85.43 0 0
85.45 0 0
85.47 0 0
85.48 0 0
85.50 0 0
85.52 0 0
85.53 0 0
85.55 1 0
85.57 1 0
85.58 1 0
85.60 1 0
85.62 1 0
85.63 1 0
85.65 1 0
85.67 1 0
85.68 1 0
85.70 1 0
85.72 1 0
85.73 0 0
85.75 0 -1
85.77 0 -1
85.78 0 -1
85.80 0 -1
85.82 0 -1
85.83 0 -1
85.85 0 -1
85.87 0 -1
85.88 0 -1
85.90 0 -1
85.92 0 -1
85.93 0 -1
85.95 0 -1
85.97 0 -2
85.98 0 -2
86.00 0 -3
86.02 0 -3
86.03 -2 -3
86.05 -2 -4
86.07 -3 -4
86.08 -4 -4
86.10 -4 -4
86.12 -4 -5
86.13 -4 -4
86.15 -4 -4
86.17 -4 -4
86.18 -4 -3
86.20 -3 -3
86.22 -2 -2
86.23 -1 -1
86.25 -1 -1
86.27 0 0
86.28 0 0
86.30 0 0
86.32 0 0
86.33 1 0
86.35 1 0
86.37 1 0
86.38 1 1
86.40 0 1
86.42 0 1
86.43 0 1
86.45 0 1
86.47 0 1
86.48 0 1
86.50 0 2
86.52 0 2
86.53 0 2
86.55 0 2
86.57 0 2
86.58 -1 3
86.60 -2 3
86.62 -3 3
86.63 -4 3
86.65 -4 3
86.67 -4 3
86.68 -5 3
86.70 -5 3
86.72 -5 2
86.73 -5 2
86.75 -5 2
86.77 -5 2
86.78 -4 2
86.80 -4 2
86.82 -4 2
86.83 -4 1
86.85 -4 1
86.87 -4 1
86.88 -4 1
86.90 -5 0
86.92 -5 0
86.93 -6 0
86.95 -8 0
86.97 -10 0
86.98 -10 0
87.00 -16 0
87.02 -19 -1
87.03 -23 -1
87.05 -25 -2
87.07 -27 -2
87.08 -29 -2
87.10 -30 -3
87.12 -31 -3
87.13 -32 -3
87.15 -33 -4
87.17 -33 -4
87.18 -34 -5
87.20 -34 -6
87.22 -34 -7
87.23 -35 -7
87.25 -36 -8
87.27 -37 -9
87.28 -38 -10
87.30 -39 -11
87.32 -41 -12
87.33 -42 -13
87.35 -44 -14
87.37 -45 -14
87.38 -46 -15
87.40 -48 -16
87.42 -49 -16
87.43 -52 -16
87.45 -55 -16
87.47 -57 -16
87.48 -58 -16
87.50 -59 -15
87.52 -61 -15
87.53 -62 -14
87.55 -62 -14
87.57 -62 -12
87.58 -62 -11
87.60 -54 -10
87.62 -54 -9
87.63 -51 -8
87.65 -50 -7
87.67 -47 -6
87.68 -44 -5
87.70 -39 -3
87.72 -35 -3
87.73 -30 -3
87.75 -21 -3
87.77 -16 -3
87.78 -10 -3
87.80 -5 -3
87.82 0 -3
87.83 6 -4
87.85 13 -4
87.87 21 -5
87.88 30 -5
87.90 40 -5
87.92 53 -5
87.93 87 -4
87.95 111 -3
87.97 141 -2
87.98 177 0
88.00 219 4
88.02 268 7
88.03 321 11
88.05 447 16
88.07 515 20
88.08 515 24
88.10 648 28
88.12 700 31
88.13 739 33
88.15 765 33
88.17 780 32
88.18 791 29
88.20 787 29
88.22 785 27
88.23 785 24
88.25 784 19
88.27 784 14
88.28 784 10
88.30 784 1
88.32 785 -1
88.33 784 -2
88.35 783 -2
88.37 782 -2
88.38 782 -1
88.40 782 0
88.42 782 1
88.43 784 3
88.45 785 6
88.47 786 7
88.48 787 8
88.50 789 9
88.52 789 10
88.53 789 10
88.55 790 10
88.57 791 10
88.58 791 9
88.60 790 9
88.62 789 8
88.63 788 7
88.65 785 6
88.67 783 6
88.68 783 6
88.70 781 6
88.72 780 6
88.73 779 5
88.75 779 5
88.77 778 5
88.78 778 5
88.80 778 5
88.82 777 5
88.83 777 5
88.85 778 4
88.87 782 4
88.88 782 4
88.90 784 4
88.92 784 4
88.93 784 4
88.95 786 4
88.97 785 5
88.98 786 5
89.00 786 6
89.02 785 6
89.03 784 6
89.05 782 7
89.07 781 7
89.08 780 7
89.10 779 7
89.12 777 8
89.13 775 8
89.15 774 8
89.17 774 8
89.18 774 8
89.20 773 8
89.22 773 8
89.23 776 8
89.25 773 8
89.27 772 8
89.28 773 8
89.30 772 9
89.32 775 9
89.33 774 9
89.35 777 9
89.37 778 9
89.38 778 9
89.40 778 9
89.42 778 8
89.43 773 7
89.45 775 7
89.47 775 6
89.48 778 5
89.50 778 4
89.52 780 4
89.53 778 3
89.55 777 3
89.57 774 2
89.58 773 2
89.60 771 1
89.62 770 1
89.63 770 1
89.65 769 0
89.67 769 0
89.68 768 0
89.70 768 0
89.72 776 0
89.73 773 0
89.75 772 0
89.77 770 0
89.78 772 1
89.80 772 1
89.82 768 2
89.83 771 2
89.85 772 3
89.87 772 3
89.88 773 4
89.90 777 5
89.92 776 5
89.93 775 5
89.95 776 5
89.97 777 4
89.98 779 4
90.00 777 4
90.02 773 3
90.03 771 3
90.05 771 2
90.07 768 2
90.08 766 2
90.10 764 1
90.12 764 1
90.13 763 1
90.15 765 1
90.17 764 1
90.18 764 1
90.20 766 1
90.22 765 1
90.23 765 1
90.25 764 1
90.27 764 1
90.28 765 1
90.30 765 1
90.32 767 1
90.33 767 1
90.35 767 1
90.37 767 1
90.38 762 1
90.40 763 1
90.42 764 2
90.43 767 2
90.45 768 2
90.47 767 2
90.48 766 2
90.50 764 2
90.52 763 2
90.53 761 2
90.55 760 2
90.57 758 1
90.58 758 1
90.60 758 1
90.62 758 0
90.63 755 0
90.65 755 0
90.67 756 0
90.68 756 0
90.70 757 0
90.72 757 0
90.73 759 0
90.75 761 0
90.77 762 0
90.78 762 0
90.80 761 0
90.82 762 0
90.83 758 0
90.85 757 0
90.87 759 0
90.88 761 0
90.90 762 0
90.92 761 -1
90.93 761 -1
90.95 761 -1
90.97 760 -1
90.98 758 -1
91.00 754 0
91.02 753 0
91.03 752 0
91.05 751 0
91.07 751 0
91.08 751 0
91.10 751 0
91.12 751 0
91.13 750 0
91.15 749 0
91.17 749 0
91.18 749 0
91.20 749 0
91.22 751 0
91.23 751 0
91.25 751 0
91.27 752 0
91.28 753 1
91.30 752 1
91.32 741 1
91.33 738 1
91.35 735 1
91.37 728 1
91.38 719 1
91.40 709 1
91.42 692 1
91.43 669 1
91.45 640 0
91.47 574 0
91.48 574 0
91.50 497 0
91.52 457 0
91.53 417 0
91.55 378 0
91.57 339 0
91.58 299 0
91.60 262 0
91.62 226 0
91.63 155 0
91.65 122 0
91.67 94 0
91.68 71 0
91.70 52 0
91.72 38 0
91.73 27 0
91.75 9 0
91.77 5 0
91.78 2 0
91.80 0 0
91.82 -1 0
91.83 -2 0
91.85 -1 0
91.87 -1 0
91.88 0 0
91.90 0 0
91.92 0 0
91.93 0 1
91.95 0 1
91.97 0 2
91.98 0 2
92.00 -1 3
92.02 -1 3
92.03 -1 3
92.05 -2 3
92.07 -3 3
92.08 -3 3
92.10 -3 3
92.12 -3 2
92.13 -3 2
92.15 -2 1
92.17 -2 1
92.18 -1 0
92.20 -1 0
92.22 0 0
92.23 0 0
92.25 0 0
92.27 0 0
92.28 0 0
92.30 0 0
92.32 0 0
92.33 0 0
92.35 0 0
92.37 0 0
92.38 0 0
92.40 0 0
92.42 0 0
92.43 0 0
92.45 0 0
92.47 0 0
92.48 0 0
92.50 0 0
92.52 0 0
92.53 0 1
92.55 0 1
92.57 0 1
92.58 0 1
92.60 0 0
92.62 0 0
92.63 0 0
92.65 0 0
92.67 0 -1
92.68 0 -2
92.70 0 -3
92.72 -1 -3
92.73 -1 -3
92.75 -1 -2
92.77 -1 -2
92.78 -2 -1
92.80 -2 -1
92.82 -2 0
92.83 -2 0
92.85 -2 0
92.87 -3 0
92.88 -3 0
92.90 -3 0
92.92 -3 0
92.93 -3 0
92.95 -4 0
92.97 -4 0
92.98 -4 0
93.00 -4 0
93.02 -4 0
93.03 -4 0
93.05 -4 1
93.07 -5 1
93.08 -5 1
93.10 -5 1
93.12 -5 1
93.13 -5 2
93.15 -5 2
93.17 -5 2
93.18 -6 2
93.20 -6 2
93.22 -6 1
93.23 -6 1
93.25 -6 1
93.27 -5 0
93.28 -4 0
93.30 -3 0
93.32 -2 0
93.33 -1 0
93.35 -1 0
93.37 0 -1
93.38 0 0
93.40 0 -1
93.42 0 -1
93.43 0 -1
93.45 -1 0
93.47 -1 -1
93.48 -1 -1
93.50 0 0
93.52 0 0
93.53 0 0
93.55 0 0
93.57 0 0
93.58 0 0
93.60 0 0
93.62 0 0
93.63 0 0
93.65 0 0
93.67 0 0
93.68 0 0
93.70 0 0
93.72 0 0
93.73 1 1
93.75 1 1
93.77 1 1
93.78 2 1
93.80 2 1
93.82 2 0
93.83 2 1
93.85 1 0
93.87 1 1
93.88 0 1
93.90 0 1
93.92 0 0
93.93 -1 -1
93.95 -1 -1
93.97 -2 -2
93.98 -2 -2
94.00 -2 -2
94.02 -1 -1
94.03 -1 0
94.05 0 0
94.07 0 0
94.08 0 0
94.10 0 0
94.12 0 0
94.13 0 0
94.15 0 0
94.17 0 0
94.18 0 0
94.20 0 0
94.22 0 0
94.23 0 0
94.25 0 0
94.27 0 0
94.28 0 0
94.30 0 0
94.32 0 0
94.33 0 0
94.35 0 0
94.37 0 0
94.38 0 0
94.40 0 0
94.42 0 0
94.43 0 0
94.45 0 0
94.47 0 0
94.48 0 0
94.50 0 0
94.52 0 0
94.53 0 0
94.55 0 0
94.57 0 0
94.58 0 0
94.60 0 0
94.62 0 0
94.63 0 0
94.65 0 0
94.67 0 0
94.68 0 0
94.70 0 0
94.72 0 0
94.73 0 0
94.75 0 0
94.77 0 0
94.78 0 0
94.80 0 0
94.82 0 0
94.83 0 0
94.85 0 0
94.87 0 0
94.88 0 0
94.90 0 0
94.92 0 0
94.93 0 0
94.95 0 0
94.97 0 0
94.98 0 0
95.00 0 0
95.02 0 0
95.03 0 0
95.05 0 0
95.07 0 0
95.08 0 0
95.10 0 0
95.12 0 0
95.13 0 0
95.15 0 0
95.17 0 0
95.18 0 0
95.20 0 0
95.22 0 0
95.23 0 0
95.25 0 0
95.27 0 0
95.28 0 0
95.30 0 0
95.32 0 0
95.33 0 0
95.35 0 0
95.37 0 0
95.38 0 0
95.40 0 0
95.42 0 0
95.43 0 0
95.45 0 0
95.47 0 0
