time left right
0 -1 -9
16 0 -9
33 0 -8
50 4 -3
66 10 4
83 19 17
100 33 36
116 61 60
133 95 89
150 132 123
166 172 158
183 212 195
200 251 231
216 288 267
233 314 295
250 333 317
266 347 334
283 355 344
300 360 351
316 363 355
333 363 356
350 363 356
366 364 356
383 364 357
400 365 357
416 365 358
433 365 358
450 366 358
466 366 359
483 367 359
500 367 358
516 366 360
533 367 360
550 367 359
566 366 359
583 366 358
600 367 358
616 367 358
633 367 357
650 366 356
666 368 356
683 366 356
700 366 356
716 366 355
733 366 355
750 366 355
766 366 355
783 366 355
800 366 354
816 366 354
833 366 353
850 365 353
866 365 352
883 364 351
900 364 351
916 364 351
933 363 350
950 363 350
966 363 349
983 362 349
1000 362 349
1016 362 348
1033 362 348
1050 361 347
1066 361 346
1083 361 346
1100 361 346
1116 361 346
1133 361 347
1150 361 347
1166 361 347
1183 360 347
1200 360 347
1216 360 348
1233 359 348
1250 359 349
1266 359 349
1283 358 350
1300 358 350
1316 358 350
1333 358 351
1350 358 351
1366 358 351
1383 358 352
1400 358 352
1416 358 352
1433 358 353
1450 358 353
1466 358 353
1483 359 354
1500 359 354
1516 359 354
1533 359 354
1550 359 349
1566 359 349
1583 359 350
1600 359 350
1616 359 351
1633 359 351
1650 360 351
1666 360 353
1683 360 353
1700 360 352
1716 356 352
1733 356 352
1750 357 351
1766 356 351
1783 357 350
1800 357 351
1816 356 351
1833 358 351
1850 358 351
1866 358 350
1883 358 349
1900 357 350
1916 357 349
1933 357 348
1950 357 348
1966 357 347
1983 355 346
2000 355 346
2016 355 345
2033 354 345
2050 354 345
2066 354 344
2083 354 344
2100 354 348
2116 354 348
2133 354 347
2150 353 347
2166 353 346
2183 353 346
2200 353 346
2216 353 344
2233 353 344
2250 353 345
2266 353 345
2283 353 345
2300 354 345
2316 353 346
2333 353 346
2350 352 346
2366 352 346
2383 352 347
2400 351 347
2416 351 348
2433 351 348
2450 351 348
2466 352 349
2483 352 349
2500 351 349
2516 352 349
2533 352 349
2550 352 350
2566 352 350
2583 352 351
2600 352 351
2616 353 350
2633 353 350
2650 353 350
2666 353 350
2683 353 349
2700 353 349
2716 353 348
2733 353 348
2750 350 348
2766 349 348
2783 350 347
2800 350 347
2816 351 345
2833 351 346
2850 350 346
2866 352 346
2883 352 346
2900 352 346
2916 352 345
2933 351 345
2950 351 344
2966 351 343
2983 350 343
3000 349 342
3016 349 341
3033 348 341
3050 348 341
3066 347 340
3083 346 340
3100 346 339
3116 345 339
3133 345 339
3150 345 339
3166 345 339
3183 344 339
3200 344 339
3216 344 339
3233 344 339
3250 343 339
3266 343 339
3283 345 340
3300 344 340
3316 344 340
3333 343 341
3350 342 341
3366 342 341
3383 342 342
3400 342 342
3416 342 343
3433 342 343
3450 342 343
3466 342 343
3483 342 343
3500 342 343
3516 344 343
3533 343 343
3550 343 343
3566 343 343
3583 341 343
3600 338 340
3616 332 338
3633 322 335
3650 308 327
3666 288 315
3683 261 299
3700 229 276
3716 196 249
3733 164 215
3750 133 178
3766 108 146
3783 86 116
3800 65 90
3816 49 69
3833 37 52
3850 28 39
3866 21 29
3883 14 20
3900 9 14
3916 5 9
3933 2 4
3950 0 0
3966 0 -2
3983 -1 -4
4000 -2 -5
4016 -1 -6
4033 -1 -7
4050 0 -8
4066 0 -7
4083 0 -7
4100 0 -7
4116 1 -7
4133 1 -6
4150 1 -6
4166 2 -5
4183 2 -5
4200 2 -5
4216 2 -4
4233 2 -4
4250 2 -4
4266 2 -3
4283 1 -3
4300 1 -3
4316 0 -3
4333 0 -3
4350 0 -4
4366 0 -4
4383 0 -4
4400 0 -4
4416 0 -4
4433 0 -3
4450 0 -3
4466 1 -3
4483 2 -3
4500 2 -4
4516 1 -6
4533 -1 -10
4550 -7 -18
4566 -18 -33
4583 -34 -52
4600 -54 -74
4616 -78 -99
4633 -111 -126
4650 -145 -154
4666 -173 -190
4683 -195 -219
4700 -227 -256
4716 -258 -291
4733 -284 -321
4750 -307 -349
4766 -323 -372
4783 -340 -387
4800 -355 -399
4816 -361 -404
4833 -365 -409
4850 -368 -410
4866 -371 -411
4883 -371 -411
4900 -370 -411
4916 -369 -411
4933 -368 -411
4950 -368 -410
4966 -368 -409
4983 -367 -409
5000 -367 -407
5016 -367 -406
5033 -367 -406
5050 -367 -406
5066 -367 -405
5083 -367 -405
5100 -368 -405
5116 -368 -405
5133 -367 -405
5150 -367 -404
5166 -368 -404
5183 -368 -404
5200 -367 -404
5216 -367 -404
5233 -367 -404
5250 -367 -404
5266 -367 -404
5283 -366 -404
5300 -366 -404
5316 -365 -405
5333 -365 -406
5350 -364 -406
5366 -364 -406
5383 -364 -406
5400 -365 -407
5416 -366 -408
5433 -366 -408
5450 -366 -409
5466 -367 -409
5483 -367 -410
5500 -368 -411
5516 -368 -410
5533 -368 -410
5550 -368 -410
5566 -368 -410
5583 -368 -411
5600 -368 -410
5616 -363 -410
5633 -363 -410
5650 -363 -410
5666 -362 -410
5683 -363 -410
5700 -363 -410
5716 -363 -410
5733 -365 -412
5750 -365 -411
5766 -365 -411
5783 -365 -410
5800 -365 -409
5816 -365 -409
5833 -365 -408
5850 -365 -406
5866 -365 -406
5883 -365 -405
5900 -364 -404
5916 -363 -404
5933 -363 -402
5950 -362 -402
5966 -361 -402
5983 -361 -402
6000 -360 -401
6016 -360 -401
6033 -360 -401
6050 -360 -401
6066 -360 -401
6083 -359 -401
6100 -359 -400
6116 -359 -400
6133 -359 -400
6150 -359 -400
6166 -360 -400
6183 -360 -400
6200 -360 -400
6216 -360 -400
6233 -361 -401
6250 -361 -401
6266 -361 -402
6283 -361 -402
6300 -361 -402
6316 -361 -403
6333 -361 -404
6350 -362 -405
6366 -362 -405
6383 -362 -405
6400 -363 -407
6416 -363 -407
6433 -363 -407
6450 -363 -407
6466 -363 -406
6483 -363 -406
6500 -363 -407
6516 -362 -406
6533 -362 -406
6550 -362 -406
6566 -362 -406
6583 -362 -406
6600 -362 -407
6616 -362 -407
6633 -361 -407
6650 -361 -404
6666 -360 -404
6683 -360 -403
6700 -360 -403
6716 -360 -403
6733 -360 -402
6750 -360 -402
6766 -359 -402
6783 -359 -402
6800 -359 -402
6816 -358 -401
6833 -358 -400
6850 -358 -400
6866 -359 -398
6883 -358 -398
6900 -358 -398
6916 -357 -398
6933 -356 -398
6950 -356 -397
6966 -356 -397
6983 -355 -397
7000 -354 -397
7016 -354 -396
7033 -354 -396
7050 -354 -396
7066 -354 -396
7083 -353 -396
7100 -355 -396
7116 -355 -396
7133 -355 -397
7150 -355 -397
7166 -354 -396
7183 -354 -396
7200 -355 -397
7216 -354 -398
7233 -354 -399
7250 -354 -400
7266 -354 -401
7283 -354 -402
7300 -354 -402
7316 -354 -402
7333 -355 -403
7350 -355 -403
7366 -355 -403
7383 -355 -402
7400 -356 -402
7416 -356 -403
7433 -356 -403
7450 -356 -403
7466 -356 -403
7483 -357 -403
7500 -357 -403
7516 -356 -403
7533 -357 -403
7550 -356 -402
7566 -356 -402
7583 -356 -400
7600 -356 -400
7616 -356 -401
7633 -353 -400
7650 -353 -400
7666 -353 -400
7683 -352 -399
7700 -353 -399
7716 -352 -398
7733 -352 -398
7750 -353 -397
7766 -353 -396
7783 -353 -396
7800 -353 -395
7816 -352 -395
7833 -352 -395
7850 -352 -395
7866 -352 -394
7883 -352 -394
7900 -353 -394
7916 -352 -394
7933 -352 -392
7950 -351 -392
7966 -350 -392
7983 -350 -392
8000 -349 -392
8016 -349 -392
8033 -348 -392
8050 -348 -393
8066 -348 -393
8083 -347 -394
8100 -347 -394
8116 -346 -394
8133 -346 -395
8149 -346 -397
8166 -347 -399
8183 -347 -399
8200 -346 -398
8216 -347 -398
8233 -347 -400
8250 -347 -399
8266 -347 -398
8283 -347 -397
8300 -348 -397
8316 -348 -396
8333 -349 -396
8350 -348 -394
8366 -344 -393
8383 -336 -392
8400 -321 -391
8416 -295 -383
8433 -264 -366
8450 -233 -343
8466 -199 -316
8483 -167 -285
8500 -137 -247
8516 -110 -210
8533 -88 -177
8550 -68 -150
8566 -50 -126
8583 -35 -104
8600 -22 -82
8616 -10 -64
8633 -1 -49
8650 6 -36
8666 11 -24
8683 15 -14
8700 17 -6
8716 18 -1
8733 18 2
8750 18 4
8766 16 5
8783 14 6
8800 12 6
8816 10 5
8833 8 5
8850 6 4
8866 5 3
8883 4 2
8900 3 1
8916 2 1
8933 2 0
8950 1 0
8966 1 0
8983 2 0
9000 2 0
9016 2 0
9033 2 0
9050 3 0
9066 3 -1
9083 3 -1
9100 3 -1
9116 4 -1
9133 4 -2
9150 4 -2
9166 5 -2
9183 5 -3
9200 5 -3
9216 6 -3
9233 6 -3
9250 6 -3
9266 6 -3
9283 7 -3
9300 7 -3
9316 6 -3
9333 6 -3
9350 6 -3
9366 5 -3
9383 5 -2
9400 4 -2
9416 3 -2
9433 2 -1
9450 1 -1
9466 0 -1
9483 0 -1
9500 0 -1
9516 0 -1
9533 1 -1
9550 2 -3
9566 5 -7
9583 9 -13
9600 16 -23
9616 26 -36
9633 38 -53
9650 56 -74
9666 78 -98
9683 123 -137
9700 170 -174
9716 209 -204
9733 242 -248
9750 277 -288
9766 305 -322
9783 328 -352
9800 337 -367
9816 340 -380
9833 344 -391
9850 348 -394
9866 347 -395
9883 347 -395
9900 346 -394
9916 346 -394
9933 346 -393
9950 346 -392
9966 346 -392
9983 345 -392
10000 345 -391
10016 345 -391
10033 345 -391
10050 345 -391
10066 344 -391
10083 344 -391
10100 344 -391
10116 345 -391
10133 345 -391
10150 345 -391
10166 345 -392
10183 344 -390
10200 344 -390
10216 344 -391
10233 343 -392
10250 343 -393
10266 343 -394
10283 343 -395
10300 343 -398
10316 343 -398
10333 344 -398
10350 344 -400
10366 344 -399
10383 344 -399
10400 344 -399
10416 344 -398
10433 344 -398
10450 345 -398
10466 345 -398
10483 345 -398
10500 345 -398
10516 345 -398
10533 345 -398
10550 346 -398
10566 346 -398
10583 346 -398
10600 346 -399
10616 347 -398
10633 347 -398
10650 346 -398
10666 346 -397
10683 345 -397
10700 346 -396
10716 346 -395
10733 344 -394
10750 344 -394
10766 344 -393
10783 344 -392
10800 344 -391
10816 344 -390
10833 343 -390
10850 343 -389
10866 343 -389
10883 342 -389
10900 342 -388
10916 342 -388
10933 341 -389
10950 341 -388
10966 340 -387
10983 340 -387
11000 340 -387
11016 339 -387
11033 339 -387
11050 339 -387
11066 339 -387
11083 338 -387
11100 338 -388
11116 337 -388
11133 337 -389
11150 337 -390
11166 337 -389
11183 336 -390
11200 336 -390
11216 335 -391
11233 336 -393
11250 336 -394
11266 336 -394
11283 336 -394
11300 335 -393
11316 335 -394
11333 335 -394
11350 335 -394
11366 335 -394
11383 335 -394
11400 335 -394
11416 336 -394
11433 337 -394
11450 337 -394
11466 336 -394
11483 336 -394
11500 336 -394
11516 337 -394
11533 337 -394
11550 336 -393
11566 337 -393
11583 337 -387
11600 338 -387
11616 338 -388
11633 339 -388
11650 339 -389
11666 339 -389
11683 339 -387
11700 341 -390
11716 339 -389
11733 339 -388
11750 339 -388
11766 339 -384
11783 339 -383
11800 339 -383
11816 337 -383
11833 339 -384
11850 338 -383
11866 338 -383
11883 338 -384
11900 338 -384
11916 338 -384
11933 339 -384
11950 339 -384
11966 340 -384
11983 340 -383
12000 340 -383
12016 340 -384
12033 339 -384
12050 338 -384
12066 337 -384
12083 335 -384
12100 334 -382
12116 333 -382
12133 332 -383
12150 332 -384
12166 331 -385
12183 330 -387
12200 330 -388
12216 330 -390
12233 329 -390
12250 329 -391
12266 329 -391
12283 330 -391
12300 331 -391
12316 330 -390
12333 329 -390
12350 328 -390
12366 328 -390
12383 328 -390
12400 327 -390
12416 326 -391
12433 326 -391
12450 325 -390
12466 325 -390
12483 326 -388
12500 326 -389
12516 327 -383
12533 327 -382
12550 328 -384
12566 328 -384
12583 329 -384
12600 329 -385
12616 329 -384
12633 330 -386
12650 330 -386
12666 330 -385
12683 331 -380
12700 331 -378
12716 331 -379
12733 332 -379
12750 332 -380
12766 332 -380
12783 332 -379
12800 333 -381
12816 333 -381
12833 333 -381
12850 333 -380
12866 333 -380
12883 333 -380
12900 333 -379
12916 332 -379
12933 332 -379
12950 331 -378
12966 331 -377
12983 330 -377
13000 330 -376
13016 328 -375
13033 326 -371
13050 320 -363
13066 310 -349
13083 286 -323
13100 255 -289
13116 220 -254
13133 186 -219
13150 152 -183
13166 120 -150
13183 91 -121
13200 69 -97
13216 52 -79
13233 41 -63
13250 31 -48
13266 24 -37
13283 19 -28
13300 16 -19
13316 13 -13
13333 12 -7
13350 10 -3
13366 9 0
13383 8 1
13400 8 3
13416 8 4
13433 7 5
13450 7 5
13466 7 5
13483 7 5
13500 6 4
13516 6 4
13533 5 3
13550 4 2
13566 3 1
13583 2 0
13600 1 0
13616 0 -1
13633 -1 -1
13650 -2 -2
13666 -3 -2
13683 -4 -3
13700 -4 -3
13716 -4 -3
13733 -3 -3
13750 -2 -3
13766 0 -3
13783 0 -3
13800 2 -3
13816 4 -3
13833 5 -3
13850 7 -3
13866 9 -3
13883 10 -3
13900 11 -3
13916 11 -2
13933 11 -1
13950 7 4
13966 3 13
13983 -3 26
14000 -28 55
14016 -57 88
14033 -89 123
14050 -123 161
14066 -158 199
14083 -195 236
14100 -229 271
14116 -254 298
14133 -276 314
14150 -294 326
14166 -308 334
14183 -317 339
14200 -323 341
14216 -327 341
14233 -330 338
14250 -331 338
14266 -331 338
14283 -331 338
14300 -331 337
14316 -331 336
14333 -331 336
14350 -331 335
14366 -331 335
14383 -331 336
14400 -331 336
14416 -331 336
14433 -330 336
14450 -330 336
14466 -329 337
14483 -329 337
14500 -329 337
14516 -329 338
14533 -328 338
14550 -328 338
14566 -328 338
14583 -328 338
14600 -328 339
14616 -327 340
14633 -327 340
14650 -327 340
14666 -326 341
14683 -327 342
14700 -328 342
14716 -326 342
14733 -326 342
14750 -325 342
14766 -324 343
14783 -324 343
14800 -323 343
14816 -322 344
14833 -322 342
14850 -321 342
14866 -321 343
14883 -321 342
14900 -321 342
14916 -321 342
14933 -321 342
14950 -322 342
14966 -322 342
14983 -322 341
15000 -322 341
15016 -322 341
15033 -322 340
15050 -322 340
15066 -323 340
15083 -323 337
15100 -323 335
15116 -323 335
15133 -323 335
15150 -323 336
15166 -323 335
15183 -323 335
15200 -323 336
15216 -323 336
15233 -322 335
15250 -322 335
15266 -321 335
15283 -322 334
15300 -322 334
15316 -322 334
15333 -322 333
15350 -323 333
15366 -324 332
15383 -324 332
15400 -324 330
15416 -324 330
15433 -324 331
15450 -324 331
15466 -324 331
15483 -324 331
15500 -324 331
15516 -324 332
15533 -324 332
15550 -324 332
15566 -324 333
15583 -323 333
15600 -323 333
15616 -323 334
15633 -323 334
15650 -322 334
15666 -322 335
15683 -321 335
15700 -321 336
15716 -321 336
15733 -321 336
15750 -320 337
15766 -320 338
15783 -320 338
15800 -320 338
15816 -320 338
15833 -320 338
15850 -320 338
15866 -320 339
15883 -319 339
15900 -318 340
15916 -317 339
15933 -316 339
15950 -316 339
15966 -315 339
15983 -315 338
16000 -315 338
16016 -315 337
16033 -314 337
16049 -314 337
16066 -314 336
16083 -313 336
16100 -314 336
16116 -314 336
16133 -314 335
16150 -314 337
16166 -315 339
16183 -315 338
16200 -315 338
16216 -315 337
16233 -315 336
16250 -316 336
16266 -315 334
16283 -314 332
16299 -314 332
16316 -313 331
16333 -313 331
16350 -314 331
16366 -314 330
16383 -314 330
16400 -315 330
16416 -315 329
16433 -315 329
16450 -316 328
16466 -316 331
16483 -316 333
16500 -317 333
16516 -317 332
16533 -317 331
16550 -317 330
16566 -317 331
16583 -317 329
16600 -317 328
16616 -317 329
16633 -316 329
16650 -316 329
16666 -315 330
16683 -315 330
16700 -313 331
16716 -312 331
16733 -312 331
16750 -312 331
16766 -312 332
16783 -313 332
16800 -312 332
16816 -313 333
16833 -313 333
16850 -313 334
16866 -312 334
16883 -312 334
16900 -312 334
16916 -311 334
16933 -311 334
16950 -312 335
16966 -313 334
16983 -312 334
17000 -311 334
17016 -311 334
17033 -310 334
17050 -310 334
17066 -308 333
17083 -308 333
17100 -308 333
17116 -308 333
17133 -308 332
17150 -307 332
17166 -307 332
17183 -307 332
17200 -307 331
17216 -308 329
17233 -308 330
17250 -307 331
17266 -307 330
17283 -307 330
17300 -307 330
17316 -307 329
17333 -307 330
17350 -307 328
17366 -307 327
17383 -308 327
17400 -308 327
17416 -308 326
17433 -308 326
17450 -308 325
17466 -308 325
17483 -309 325
17500 -309 324
17516 -309 324
17533 -309 324
17550 -310 320
17566 -310 320
17583 -310 320
17600 -310 320
17616 -310 321
17633 -311 322
17650 -310 321
17666 -311 324
17683 -311 324
17700 -310 324
17716 -310 324
17733 -310 324
17750 -310 325
17766 -310 326
17783 -309 326
17800 -309 326
17816 -309 327
17833 -307 328
17850 -306 328
17866 -307 328
17883 -307 328
17900 -307 329
17916 -307 329
17933 -306 329
17950 -307 329
17966 -307 330
17983 -306 330
18000 -306 330
18016 -305 330
18033 -305 331
18050 -304 329
18066 -303 329
18083 -303 330
18100 -302 329
18116 -301 329
18133 -299 329
18150 -296 328
18166 -292 328
18183 -288 327
18200 -284 326
18216 -278 324
18233 -271 320
18250 -262 311
18266 -248 298
18283 -220 279
18300 -188 254
18316 -157 221
18333 -129 185
18350 -107 147
18366 -85 119
18383 -65 95
18400 -49 67
18416 -37 43
18433 -27 25
18450 -18 11
18466 -9 3
18483 -2 -4
18500 3 -11
18516 7 -13
18533 10 -14
18550 13 -13
18566 14 -12
18583 15 -10
18600 16 -8
18616 15 -7
18633 15 -5
18650 13 -4
18666 12 -3
18683 11 -2
18700 9 -2
18716 7 -1
18733 6 -1
18750 4 -2
18766 3 -2
18783 2 -3
18800 2 -4
18816 2 -5
18833 1 -6
18850 1 -7
18866 1 -8
18883 2 -8
18900 2 -9
18916 2 -9
18933 3 -10
18950 3 -10
18966 3 -10
18983 4 -10
19000 4 -10
19016 4 -11
19033 4 -11
19050 4 -11
19066 5 -11
19083 5 -10
19100 5 -10
19116 5 -9
19133 5 -8
19150 5 -7
19166 5 -7
19183 5 -6
19200 5 -6
19216 5 -5
19233 5 -5
19250 4 -4
19266 4 -4
19283 4 -4
19300 3 -4
19316 3 -3
19333 3 -3
19350 2 -3
19366 2 -3
19383 2 -3
19400 2 -3
19416 2 -3
19433 2 -3
19450 2 -3
19466 2 -4
19483 2 -4
19500 2 -3
19516 2 -3
19533 2 -2
19550 2 -2
19566 2 -1
19583 2 -1
19600 2 -2
19616 2 -4
19633 3 -6
19650 3 -8
19666 3 -9
19683 4 -10
19700 4 -10
19716 5 -10
19733 5 -9
19750 5 -8
19766 5 -7
19783 6 -5
19800 5 -4
19816 5 -2
19833 5 -1
19850 5 -1
19866 5 0
19883 4 0
19900 4 0
19916 4 0
19933 3 0
19950 3 0
19966 3 0
19983 3 0
20000 2 0
20016 2 0
20033 2 0
20050 2 -1
20066 2 -1
20083 2 -1
20100 2 -2
20116 2 -2
20133 2 -2
20150 2 -2
20166 2 -2
20183 2 -2
20200 2 -2
20216 3 -3
20233 3 -3
20250 3 -3
20266 3 -3
20283 4 -4
20300 4 -4
20316 4 -4
20333 4 -4
20350 4 -4
20366 4 -5
20383 3 -5
20400 3 -5
20416 3 -5
20433 3 -5
20450 3 -5
20466 3 -5
20483 3 -4
20500 3 -4
20516 3 -4
20533 3 -4
20550 3 -4
20566 3 -3
20583 3 -3
20600 3 -3
20616 3 -3
20633 3 -3
20650 3 -3
20666 3 -3
20683 3 -3
20700 3 -3
20716 3 -3
20733 3 -3
20750 3 -3
20766 3 -3
20783 3 -3
20800 2 -3
20816 2 -3
20833 2 -4
20850 2 -4
20866 2 -4
20883 3 -4
20900 3 -4
20916 3 -4
20933 3 -4
20950 3 -3
20966 3 -3
20983 3 -3
21000 3 -3
21016 3 -3
21033 3 -3
21050 3 -3
21066 3 -3
21083 3 -3
21100 3 -3
21116 3 -3
21133 3 -3
21150 3 -3
21166 3 -3
21183 3 -3
21200 3 -3
21216 3 -3
21233 3 -3
21250 3 -3
21266 3 -4
21283 3 -4
21300 3 -4
21316 3 -4
21333 3 -4
21350 3 -4
21366 3 -3
21383 3 -3
21400 3 -3
21416 3 -3
21433 3 -3
21450 3 -3
21466 3 -3
21483 3 -3
21500 3 -3
21516 3 -3
21533 3 -3
21550 3 -3
21566 3 -3
21583 3 -3
21600 3 -3
21616 3 -3
21633 3 -3
21650 3 -3
21666 3 -3
21683 3 -3
21700 3 -3
21716 3 -3
21733 3 -3
21750 3 -3
21766 3 -3
21783 3 -3
21800 3 -3
21816 3 -3
21833 3 -3
21850 3 -3
21866 3 -3
21883 3 -3
21900 3 -3
21916 3 -3
21933 3 -3
21950 3 -3
21966 3 -3
21983 3 -3
22000 3 -3
22016 3 -3
22033 3 -3
22050 3 -3
22066 3 -3
22083 3 -3
22100 3 -3
22116 3 -3
22133 3 -3
22150 3 -3
22166 3 -3
22183 3 -3
22200 3 -3
22216 2 -3
22233 3 -3
22250 2 -3
22266 3 -3
22283 3 -3
22300 3 -3
22316 3 -3
22333 3 -3
22350 3 -3
22366 3 -3
22383 3 -3
22400 3 -3
22416 3 -3
22433 3 -3
22450 3 -3
22466 3 -3
22483 3 -3
22500 3 -3
22516 3 -3
22533 3 -3
22550 3 -3
22566 3 -3
22583 3 -3
22600 3 -3
22616 3 -3
22633 3 -3
22650 3 -3
22666 3 -3
22683 3 -3
22700 3 -3
22716 3 -3
22733 3 -3
22750 3 -3
22766 3 -3
22783 3 -3
22800 3 -3
22816 3 -3
22833 3 -3
22850 3 -3
22866 3 -4
22883 2 -4
22900 2 -4
22916 2 -3
22933 3 -3
22950 3 -3
22966 3 -3
22983 3 -3
23000 3 -3
23016 3 -3
23033 3 -3
23050 3 -3
23066 3 -3
23083 3 -3
23100 3 -3
23116 3 -3
23133 3 -3
23150 3 -4
23166 3 -4
23183 3 -4
23200 3 -4
23216 3 -4
23233 3 -4
23250 4 -3
23266 4 -3
23283 4 -3
23300 4 -3
23316 3 -3
23333 3 -3
23350 3 -3
23366 3 -3
23383 3 -3
23400 3 -3
23416 3 -3
23433 3 -3
23450 3 -3
23466 3 -3
23483 3 -3
23500 3 -3
23516 3 -3
23533 3 -3
23550 3 -3
23566 3 -3
23583 3 -3
23600 3 -3
23616 3 -3
23633 3 -3
23650 3 -3
23666 3 -3
23683 4 -3
23700 4 -3
23716 4 -3
23733 4 -3
23750 4 -3
23766 4 -3
23783 4 -3
23800 4 -3
23816 4 -3
23833 3 -3
23850 3 -3
23866 3 -3
23883 3 -3
23900 3 -3
23916 3 -3
23933 3 -3
23950 3 -3
23966 2 -3
23983 2 -3
24000 3 -3
24016 3 -3
24033 3 -3
24050 3 -3
24066 3 -3
24083 3 -3
24100 3 -3
24116 3 -3
24133 3 -3
24150 3 -4
24166 3 -4
24183 3 -4
24200 3 -4
24216 3 -4
24233 3 -3
24250 3 -3
24266 3 -3
24283 3 -3
24300 3 -3
24316 3 -3
24333 3 -3
24350 3 -3
24366 3 -3
24383 3 -3
24400 2 -3
24416 2 -3
24433 2 -3
24450 2 -3
24466 2 -3
24483 2 -3
24500 2 -3
24516 2 -3
24533 2 -3
24550 2 -3
24566 3 -3
24583 3 -3
24600 3 -3
24616 3 -3
24633 3 -3
24650 3 -3
24666 3 -3
24683 3 -3
24700 3 -3
24716 4 -3
24733 4 -3
24750 4 -4
24766 4 -4
24783 4 -4
24800 4 -4
24816 3 -4
24833 3 -4
24850 3 -4
24866 3 -4
24883 3 -4
24900 3 -4
24916 3 -4
24933 2 -4
24950 2 -4
24966 2 -3
24983 2 -3
25000 2 -3
25016 2 -3
25033 2 -3
25050 2 -3
25066 2 -3
25083 2 -3
25100 2 -3
25116 3 -3
25133 3 -3
25150 3 -3
25166 3 -3
25183 3 -3
25200 3 -3
25216 3 -3
25233 3 -3
25250 3 -3
25266 3 -3
25283 3 -3
25300 3 -3
25316 3 -3
25333 3 -3
25350 3 -3
25366 3 -4
25383 3 -4
25400 3 -3
25416 3 -3
25433 3 -3
25450 3 -3
25466 2 -3
25483 2 -3
25500 3 -3
25516 2 -3
25533 3 -3
25550 3 -3
25566 3 -3
25583 3 -3
25600 3 -3
25616 3 -3
25633 3 -3
25650 3 -3
25666 3 -3
25683 3 -3
25700 3 -3
25716 3 -3
25733 3 -3
25750 3 -3
25766 3 -3
25783 3 -3
25800 3 -3
25816 3 -4
25833 3 -4
25850 3 -4
25866 3 -3
25883 3 -3
25900 3 -3
25916 3 -3
25933 3 -3
25950 3 -3
25966 3 -3
25983 3 -3
26000 3 -3
26016 3 -3
26033 3 -3
26050 3 -3
26066 3 -3
26083 3 -3
26100 3 -3
26116 3 -3
26133 3 -3
26150 3 -3
26166 3 -3
26183 3 -3
26200 3 -3
26216 3 -3
26233 3 -3
26250 3 -3
26266 3 -3
26283 3 -3
26300 3 -3
26316 3 -3
26333 3 -3
26350 3 -3
26366 3 -3
26383 3 -3
26400 3 -3
26416 3 -3
26433 3 -3
26450 3 -3
26466 3 -3
26483 3 -3
26500 3 -3
26516 3 -3
26533 3 -3
26550 3 -3
26566 3 -3
26583 3 -3
26600 3 -3
26616 3 -4
26633 3 -4
26650 3 -4
26666 3 -4
26683 3 -4
26700 3 -4
26716 3 -4
26733 3 -4
26750 3 -3
26766 3 -3
26783 3 -3
26800 3 -3
26816 3 -3
26833 3 -3
26850 3 -3
26866 3 -3
26883 3 -3
26900 3 -3
26916 3 -3
26933 3 -3
26950 3 -3
26966 3 -3
26983 3 -3
27000 3 -3
27016 3 -3
27033 3 -4
27050 3 -4
27066 3 -4
27083 3 -4
27100 3 -4
27116 3 -4
27133 3 -4
27150 3 -3
27166 3 -3
27183 3 -3
27200 3 -3
27216 3 -3
27233 3 -3
27250 3 -3
27266 3 -3
27283 3 -3
27300 3 -3
27316 3 -3
27333 3 -3
27350 3 -3
27366 3 -3
27383 3 -3
27400 3 -3
27416 3 -3
27433 3 -3
27450 3 -3
27466 3 -3
27483 3 -3
27500 3 -3
27516 3 -3
27533 3 -3
27550 3 -3
27566 3 -3
27583 3 -3
27600 3 -3
27616 3 -3
27633 3 -3
27650 4 -3
27666 4 -3
27683 4 -3
27700 6 -3
27716 7 -3
27733 11 -3
27750 19 -4
27766 33 -4
27783 51 -5
27800 75 -5
27816 104 -5
27833 138 -5
27850 174 -5
27866 209 -4
27883 245 -2
27900 275 0
27916 296 0
27933 312 1
27950 323 2
27966 329 2
27983 333 2
28000 333 1
28016 332 0
28033 333 -1
28050 333 -2
28066 333 -4
28083 333 -5
28100 334 -6
28116 334 -6
28133 334 -6
28150 334 -6
28166 335 -5
28183 335 -5
28200 335 -4
28216 336 -3
28233 336 -3
28250 336 -3
28266 336 -3
28283 335 -3
28300 335 -3
28316 334 -3
28333 332 -4
28350 333 -4
28366 333 -4
28383 333 -4
28400 333 -4
28416 333 -5
28433 334 -5
28450 332 -5
28466 331 -4
28483 332 -4
28500 331 -4
28516 331 -3
28533 331 -3
28550 331 -2
28566 332 -2
28583 332 -2
28600 331 -1
28616 331 -1
28633 331 0
28650 330 0
28666 330 0
28683 329 0
28700 329 0
28716 329 -1
28733 328 -1
28750 328 -1
28766 327 -2
28783 327 -2
28800 326 -3
28816 326 -3
28833 326 -4
28850 325 -4
28866 324 -5
28883 324 -5
28900 324 -5
28916 325 -6
28933 325 -6
28950 324 -6
28966 324 -6
28983 324 -6
29000 324 -6
29016 324 -6
29033 323 -5
29050 324 -5
29066 324 -5
29083 324 -4
29100 325 -3
29116 325 -3
29133 325 -3
29150 326 -2
29166 325 -2
29183 325 -2
29200 325 -2
29216 324 -2
29233 324 -2
29250 324 -2
29266 324 -2
29283 325 -2
29300 325 -2
29316 326 -3
29333 326 -3
29350 327 -3
29366 327 -3
29383 327 -3
29400 328 -3
29416 329 -4
29433 327 -4
29450 327 -4
29466 327 -3
29483 327 -3
29500 328 -3
29516 328 -3
29533 325 -3
29550 324 -3
29566 325 -3
29583 325 -2
29600 326 -2
29616 326 -2
29633 326 -2
29650 327 -2
29666 327 -1
29683 324 -1
29700 318 -1
29716 309 -1
29733 293 0
29750 269 0
29766 238 0
29783 203 0
29800 168 0
29816 136 -1
29833 107 -1
29850 80 -1
29866 58 -1
29883 41 -2
29900 28 -2
29916 18 -2
29933 11 -2
29950 5 -2
29966 1 -2
29983 0 -2
30000 -1 -2
30016 -1 -2
30033 -1 -2
30050 0 -1
30066 0 -1
30083 0 -1
30100 1 -1
30116 2 -1
30133 3 -1
30150 4 -1
30166 4 -1
30183 4 -2
30200 4 -2
30216 3 -2
30233 2 -2
30250 2 -2
30266 1 -3
30283 0 -3
30300 0 -3
30316 0 -3
30333 0 -3
30350 -2 -4
30366 -4 -4
30383 -7 -4
30400 -13 -4
30416 -21 -4
30433 -32 -4
30450 -45 -4
30466 -60 -4
30483 -77 -4
30500 -100 -5
30516 -124 -5
30533 -148 -5
30550 -173 -6
30566 -197 -6
30583 -220 -6
30600 -241 -6
30616 -261 -6
30633 -278 -6
30650 -295 -6
30666 -313 -5
30683 -329 -5
30700 -343 -4
30716 -353 -4
30733 -360 -3
30750 -366 -3
30766 -370 -3
30783 -371 -4
30800 -371 -4
30816 -371 -5
30833 -372 -6
30850 -371 -7
30866 -371 -8
30883 -371 -8
30900 -370 -8
30916 -367 -8
30933 -367 -8
30950 -367 -7
30966 -367 -6
30983 -367 -5
31000 -367 -5
31016 -367 -4
31033 -368 -3
31050 -367 -3
31066 -367 -2
31083 -367 -2
31100 -366 -2
31116 -366 -1
31133 -367 -2
31150 -367 -2
31166 -366 -2
31183 -365 -3
31200 -365 -3
31216 -364 -4
31233 -364 -4
31250 -363 -4
31266 -363 -5
31283 -363 -5
31300 -362 -5
31316 -362 -5
31333 -362 -5
31350 -362 -5
31366 -361 -4
31383 -360 -4
31400 -361 -4
31416 -361 -3
31433 -361 -3
31450 -362 -3
31466 -362 -2
31483 -363 -2
31500 -363 -2
31516 -363 -2
31533 -363 -2
31550 -363 -2
31566 -363 -2
31583 -362 -2
31600 -362 -2
31616 -363 -1
31633 -363 -1
31650 -363 -1
31666 -363 -1
31683 -363 -2
31700 -364 -2
31716 -364 -2
31733 -364 -2
31750 -365 -2
31766 -365 -2
31783 -365 -3
31800 -365 -3
31816 -365 -3
31833 -365 -3
31850 -364 -3
31866 -364 -4
31883 -360 -4
31900 -360 -4
31916 -360 -4
31933 -360 -4
31950 -360 -4
31966 -360 -4
31983 -359 -4
32000 -360 -4
32016 -359 -4
32033 -359 -4
32050 -358 -4
32066 -357 -4
32083 -357 -3
32099 -356 -3
32116 -356 -3
32133 -356 -3
32150 -356 -3
32166 -356 -3
32183 -354 -3
32200 -353 -3
32216 -351 -3
32233 -349 -3
32250 -347 -3
32266 -343 -3
32283 -338 -3
32300 -329 -3
32316 -321 -3
32333 -305 -3
32349 -281 -3
32366 -250 -3
32383 -213 -4
32400 -177 -4
32416 -142 -4
32433 -109 -4
32450 -81 -4
32466 -57 -3
32483 -39 -3
32500 -25 -3
32516 -14 -2
32533 -6 -2
32550 1 -2
32566 6 -2
32583 10 -2
32599 13 -2
32616 15 -2
32633 15 -3
32650 15 -3
32666 14 -4
32683 13 -4
32700 11 -5
32716 9 -6
32733 7 -6
32750 4 -7
32766 2 -7
32783 0 -8
32800 0 -8
32816 0 -7
32833 0 -7
32850 0 -6
32866 0 -5
32883 1 -5
32900 2 -5
32916 3 -4
32933 4 -4
32950 5 -4
32966 6 -3
32983 6 -3
33000 6 -2
33016 6 0
33033 6 5
33050 5 14
33066 5 29
33083 4 49
33100 4 72
33116 4 97
33133 5 125
33150 6 152
33166 7 178
33183 8 206
33200 9 229
33216 10 248
33233 10 264
33250 10 273
33266 9 278
33283 8 282
33300 6 282
33316 3 282
33333 1 281
33350 0 279
33366 -2 279
33383 -3 278
33400 -4 278
33416 -3 278
33433 -3 278
33450 -2 277
33466 0 277
33483 0 277
33500 1 277
33516 3 277
33533 4 276
33550 5 276
33566 5 276
33583 6 276
33600 5 276
33616 5 277
33633 4 277
33650 3 277
33666 2 277
33683 1 278
33700 1 278
33716 0 278
33733 0 279
33750 0 279
33766 0 279
33783 0 280
33800 0 280
33816 0 280
33833 0 280
33850 1 280
33866 1 281
33883 2 281
33900 2 282
33916 3 282
33933 4 283
33950 5 283
33966 6 284
33983 7 284
34000 7 284
34016 8 284
34033 9 284
34050 9 284
34066 9 285
34083 9 285
34100 9 285
34116 9 284
34133 8 285
34150 7 285
34166 7 285
34183 6 285
34200 5 284
34216 4 284
34233 4 284
34250 3 284
34266 2 283
34283 2 283
34300 2 283
34316 1 282
34333 1 282
34350 1 282
34366 1 281
34383 1 281
34400 1 280
34416 1 279
34433 2 278
34450 2 278
34466 2 278
34483 2 278
34500 3 277
34516 3 277
34533 3 277
34550 3 277
34566 4 276
34583 4 275
34600 4 275
34616 4 275
34633 4 275
34650 4 274
34666 4 274
34683 4 274
34700 4 274
34716 4 273
34733 3 273
34750 3 273
34766 3 272
34783 3 272
34800 3 272
34816 3 272
34833 3 273
34850 2 272
34866 2 272
34883 2 272
34900 2 272
34916 2 272
34933 2 272
34950 2 272
34966 2 272
34983 3 273
35000 3 273
35016 3 273
35033 3 274
35050 3 274
35066 4 274
35083 4 275
35100 4 275
35116 4 276
35133 4 276
35150 4 276
35166 4 277
35183 4 277
35200 4 278
35216 4 278
35233 4 278
35250 4 279
35266 3 279
35283 3 278
35300 3 277
35316 3 274
35333 3 268
35350 3 257
35366 3 238
35383 2 212
35400 2 178
35416 2 143
35433 3 116
35450 3 87
35466 3 62
35483 3 42
35500 3 21
35516 4 7
35533 5 -2
35550 5 -13
35566 6 -19
35583 6 -25
35600 7 -28
35616 7 -28
35633 7 -28
35650 7 -27
35666 6 -25
35683 6 -23
35700 5 -20
35716 5 -17
35733 4 -14
35750 4 -12
35766 3 -9
35783 2 -7
35800 1 -5
35816 1 -4
35833 0 -3
35850 0 -2
35866 0 -2
35883 0 -2
35900 0 -1
35916 1 -2
35933 1 -4
35950 1 -7
35966 2 -12
35983 3 -21
36000 3 -33
36016 3 -52
36033 4 -73
36050 4 -95
36066 4 -114
36083 4 -136
36100 4 -163
36116 4 -190
36133 3 -215
36150 3 -243
36166 3 -269
36183 3 -295
36200 3 -315
36216 2 -329
36233 2 -339
36250 2 -346
36266 2 -349
36283 2 -350
36300 1 -350
36316 1 -350
36333 0 -348
36350 0 -347
36366 0 -347
36383 0 -347
36400 0 -346
36416 0 -346
36433 0 -345
36450 0 -345
36466 1 -345
36483 2 -345
36500 2 -345
36516 3 -344
36533 3 -344
36550 4 -344
36566 4 -344
36583 5 -344
36600 5 -344
36616 4 -344
36633 4 -344
36650 4 -344
36666 4 -344
36683 3 -344
36700 3 -343
36716 3 -345
36733 3 -345
36750 2 -345
36766 2 -346
36783 2 -347
36800 2 -347
36816 2 -349
36833 2 -350
36850 2 -350
36866 2 -351
36883 2 -351
36900 2 -351
36916 2 -351
36933 2 -351
36950 2 -351
36966 2 -351
36983 2 -351
37000 3 -351
37016 3 -351
37033 3 -351
37050 3 -351
37066 3 -351
37083 3 -351
37100 4 -351
37116 4 -351
37133 4 -351
37150 4 -352
37166 4 -352
37183 4 -353
37200 4 -354
37216 4 -354
37233 4 -353
37250 4 -352
37266 4 -351
37283 4 -350
37300 3 -349
37316 3 -348
37333 3 -347
37350 3 -346
37366 3 -346
37383 3 -345
37400 3 -341
37416 3 -341
37433 3 -341
37450 3 -340
37466 3 -341
37483 3 -340
37500 3 -340
37516 3 -341
37533 3 -341
37550 3 -341
37566 4 -341
37583 4 -341
37600 4 -341
37616 4 -340
37633 4 -340
37650 4 -340
37666 4 -340
37683 4 -340
37700 4 -340
37716 4 -340
37733 4 -340
37750 4 -340
37766 4 -338
37783 4 -339
37800 4 -340
37816 4 -340
37833 4 -341
37850 4 -342
37866 3 -343
37883 3 -345
37900 3 -345
37916 3 -346
37933 3 -346
37950 3 -347
37966 3 -347
37983 3 -347
38000 3 -347
38016 3 -347
38033 3 -347
38050 3 -347
38066 3 -347
38083 3 -347
38100 3 -347
38116 3 -348
38133 3 -348
38150 3 -348
38166 3 -348
38183 3 -348
38200 3 -347
38216 3 -347
38233 3 -347
38250 3 -347
38266 3 -347
38283 3 -346
38300 3 -346
38316 3 -346
38333 3 -345
38350 3 -345
38366 3 -344
38383 3 -343
38400 3 -343
38416 3 -342
38433 3 -341
38450 3 -338
38466 3 -338
38483 3 -337
38500 3 -336
38516 3 -335
38533 3 -335
38550 3 -334
38566 3 -334
38583 3 -333
38600 4 -332
38616 4 -331
38633 4 -327
38650 4 -312
38666 4 -290
38683 4 -261
38700 4 -226
38716 5 -193
38733 5 -163
38750 5 -135
38766 5 -113
38783 6 -92
38800 6 -72
38816 6 -55
38833 6 -40
38850 6 -25
38866 5 -13
38883 5 -1
38900 5 7
38916 4 12
38933 4 15
38950 3 16
38966 3 16
38983 2 15
39000 2 13
39016 1 10
39033 1 7
39050 1 4
39066 1 1
39083 1 0
39100 1 -2
39116 1 -4
39133 2 -5
39150 2 -5
39166 3 -5
39183 3 -4
39200 3 -3
39216 3 -2
39233 3 -1
39250 4 0
39266 4 0
39283 4 0
39300 4 1
39316 4 1
39333 3 1
39350 3 1
39366 3 1
39383 3 0
39400 2 0
39416 2 0
39433 2 0
39450 2 0
39466 2 -1
39483 2 -1
39500 2 -2
39516 2 -2
39533 2 -2
39550 2 -3
39566 3 -3
39583 3 -3
39600 3 -3
39616 3 -3
39633 4 -3
39650 4 -3
39666 4 -4
39683 4 -4
39700 4 -4
39716 4 -4
39733 3 -4
39750 3 -4
39766 3 -4
39783 3 -4
39800 2 -4
39816 2 -3
39833 2 -3
39850 2 -3
39866 2 -3
39883 2 -3
39900 2 -3
39916 2 -3
39933 3 -3
39950 3 -3
39966 3 -3
39983 3 -3
40000 3 -3
40016 3 -3
40033 3 -3
40050 3 -3
40066 3 -3
40083 3 -3
40100 3 -3
40116 3 -3
40133 3 -3
40150 3 -3
40166 3 -3
40183 3 -3
40200 3 -4
40216 3 -4
40233 3 -3
40250 3 -3
40266 3 -3
40283 3 -3
40300 3 -3
40316 3 -3
40333 3 -3
40350 3 -3
40366 3 -3
40383 3 -3
40400 3 -3
40416 3 -3
40433 3 -3
40450 3 -3
40466 3 -3
40483 3 -3
40500 3 -3
40516 3 -3
40533 3 -4
40550 3 -4
40566 3 -4
40583 3 -4
40600 3 -4
40616 2 -4
40633 2 -4
40650 2 -4
40666 3 -4
40683 3 -4
40700 3 -4
40716 3 -3
40733 4 -3
40750 4 -2
40766 5 -1
40783 6 0
40800 7 1
40816 9 4
40833 11 6
40850 13 9
40866 16 12
40883 19 16
40900 22 19
40916 25 22
40933 27 24
40950 30 27
40966 32 30
40983 34 33
41000 36 36
41016 38 38
41033 40 41
41050 42 44
41066 44 46
41083 45 48
41100 47 50
41116 48 52
41133 50 54
41150 51 55
41166 52 55
41183 53 56
41200 53 56
41216 54 56
41233 54 56
41250 54 55
41266 53 55
41283 53 53
41300 52 52
41316 51 50
41333 49 48
41350 47 46
41366 45 43
41383 43 40
41400 40 38
41416 37 34
41433 34 31
41450 31 27
41466 27 22
41483 24 18
41500 22 15
41516 19 11
41533 16 7
41550 14 4
41566 11 1
41583 9 0
41600 7 -2
41616 6 -4
41633 4 -6
41650 3 -7
41666 2 -8
41683 1 -9
41700 0 -9
41716 0 -10
41733 0 -10
41750 0 -10
41766 0 -10
41783 0 -9
41800 0 -9
41816 0 -9
41833 0 -8
41850 0 -8
41866 0 -8
41883 0 -7
41900 0 -7
41916 0 -6
41933 1 -6
41950 1 -5
41966 1 -5
41983 1 -4
42000 2 -4
42016 2 -4
42033 2 -4
42050 2 -3
42066 2 -3
42083 1 -4
42100 1 -4
42116 1 -4
42133 0 -4
42150 0 -5
42166 0 -6
42183 -1 -6
42200 -2 -7
42216 -3 -8
42233 -5 -9
42250 -7 -11
42266 -9 -14
42283 -12 -18
42300 -15 -21
42316 -19 -25
42333 -24 -31
42350 -30 -37
42366 -34 -42
42383 -39 -48
42400 -44 -53
42416 -48 -59
42433 -52 -65
42450 -55 -70
42466 -58 -73
42483 -61 -77
42500 -63 -80
42516 -65 -83
42533 -67 -85
42550 -69 -86
42566 -70 -87
42583 -71 -87
42600 -71 -86
42616 -71 -85
42633 -71 -84
42650 -70 -82
42666 -69 -80
42683 -67 -77
42700 -65 -74
42716 -63 -71
42733 -60 -67
42750 -57 -63
42766 -55 -59
42783 -51 -55
42800 -47 -51
42816 -43 -47
42833 -40 -44
42850 -36 -39
42866 -32 -35
42883 -28 -32
42900 -24 -28
42916 -20 -25
42933 -16 -22
42950 -12 -19
42966 -9 -16
42983 -6 -14
43000 -4 -12
43016 -2 -10
43033 0 -9
43050 0 -7
43066 1 -6
43083 2 -5
43100 3 -4
43116 4 -3
43133 4 -2
43150 4 -2
43166 5 -1
43183 5 -1
43200 5 0
43216 5 0
43233 5 0
43250 5 0
43266 5 0
43283 4 0
43300 4 0
43316 4 0
43333 4 -1
43350 3 -1
43366 3 -2
43383 3 -2
43400 3 -2
43416 3 -3
43433 3 -3
43450 3 -3
43466 3 -3
43483 3 -3
43500 3 -3
43516 3 -3
43533 3 -3
43550 4 -3
43566 4 -3
43583 4 -3
43600 4 -3
43616 4 -2
43633 4 -2
43650 4 -2
43666 4 -2
43683 4 -2
43700 4 -2
43716 4 -2
43733 4 -2
43750 4 -2
43766 4 -2
43783 4 -2
43800 4 -2
43816 4 -2
43833 4 -2
43850 4 -2
43866 4 -2
43883 4 -2
43900 4 -2
43916 4 -2
43933 3 -2
43950 3 -3
43966 3 -3
43983 3 -3
44000 3 -3
44016 3 -3
44033 3 -3
44050 4 -3
44066 4 -3
44083 4 -3
44100 4 -3
44116 5 -3
44133 5 -4
44150 7 -5
44166 8 -6
44183 11 -7
44200 15 -9
44216 20 -12
44233 25 -15
44250 30 -19
44266 36 -23
44283 42 -28
44300 48 -33
44316 53 -38
44333 58 -43
44350 62 -49
44366 66 -54
44383 69 -58
44400 72 -62
44416 73 -66
44433 74 -69
44450 75 -72
44466 74 -75
44483 73 -76
44500 72 -77
44516 70 -77
44533 68 -77
44550 66 -76
44566 64 -74
44583 61 -71
44600 57 -68
44616 53 -62
44633 49 -57
44650 44 -52
44666 40 -45
44683 36 -39
44700 32 -32
44716 28 -26
44733 24 -21
44750 21 -15
44766 18 -11
44783 15 -7
44800 13 -3
44816 11 0
44833 9 1
44850 8 3
44866 7 4
44883 6 4
44900 5 5
44916 4 5
44933 3 4
44950 3 4
44966 2 3
44983 1 2
45000 1 1
45016 0 1
45033 0 0
45050 0 0
45066 0 0
45083 0 0
45100 0 -1
45116 0 -1
45133 0 -1
45150 0 -1
45166 0 -2
45183 0 -2
45200 0 -2
45216 0 -2
45233 0 -2
45250 0 -2
45266 1 -3
45283 1 -3
45300 1 -3
45316 1 -3
45333 1 -3
45350 1 -3
45366 1 -3
45383 1 -3
45400 1 -3
45416 1 -2
45433 1 -2
45450 1 -2
45466 1 -1
45483 1 -1
45500 1 0
45516 1 0
45533 1 1
45550 1 1
45566 1 2
45583 0 3
45600 0 4
45616 0 6
45633 0 8
45650 -1 11
45666 -4 14
45683 -6 18
45700 -9 22
45716 -13 26
45733 -17 31
45750 -21 36
45766 -27 41
45783 -33 46
45800 -39 50
45816 -46 54
45833 -51 57
45850 -57 60
45866 -63 62
45883 -67 64
45900 -71 66
45916 -75 68
45933 -77 70
45950 -80 72
45966 -81 74
45983 -82 77
46000 -82 79
46016 -82 81
46033 -80 83
46050 -78 85
46066 -76 88
46083 -73 90
46100 -70 92
46116 -67 93
46133 -63 94
46150 -59 94
46166 -54 93
46183 -49 89
46200 -44 85
46216 -39 79
46233 -34 73
46250 -29 67
46266 -24 60
46283 -21 52
46300 -16 45
46316 -10 38
46333 -6 31
46350 -2 24
46366 1 19
46383 4 13
46400 8 7
46416 11 2
46433 12 -1
46450 14 -4
46466 15 -6
46483 15 -9
46500 15 -10
46516 15 -11
46533 14 -11
46550 13 -11
46566 12 -11
46583 10 -11
46600 9 -11
46616 8 -11
46633 7 -11
46650 6 -11
46666 5 -11
46683 4 -10
46700 4 -10
46716 3 -10
46733 3 -10
46750 3 -9
46766 3 -9
46783 3 -9
46800 3 -8
46816 3 -8
46833 3 -7
46850 3 -6
46866 4 -6
46883 4 -5
46900 4 -4
46916 4 -3
46933 4 -3
46950 4 -2
46966 4 -2
46983 3 -2
47000 3 -2
47016 3 -2
47033 3 -2
47050 3 -3
47066 3 -3
47083 3 -3
47100 3 -3
47116 3 -4
47133 3 -3
47150 3 -3
47166 3 -3
47183 3 -3
47200 3 -2
47216 3 -2
47233 2 -2
47250 2 -2
47266 2 -2
47283 2 -2
47300 2 -2
47316 2 -2
47333 2 -2
47350 2 -2
47366 2 -2
47383 2 -3
47400 2 -3
47416 2 -3
47433 2 -3
47450 2 -4
47466 2 -4
47483 2 -4
47500 3 -4
47516 3 -3
47533 3 -3
47550 3 -3
47566 3 -3
47583 3 -3
47600 3 -3
47616 3 -3
47633 3 -3
47650 3 -3
47666 3 -3
47683 3 -3
47700 3 -3
47716 2 -4
47733 2 -4
47750 1 -5
47766 0 -6
47783 0 -7
47800 0 -8
47816 -1 -10
47833 -1 -11
47850 0 -11
47866 0 -11
47883 0 -10
47900 0 -10
47916 0 -9
47933 0 -8
47950 0 -8
47966 0 -7
47983 0 -7
48000 0 -7
48016 0 -6
48033 0 -6
48050 0 -6
48066 0 -6
48083 0 -6
48100 0 -5
48116 0 -5
48133 -1 -5
48150 -1 -5
48166 -1 -5
48183 -1 -4
48200 -1 -4
48216 -2 -4
48233 -2 -4
48250 -2 -4
48266 -2 -4
48283 -2 -3
48300 -2 -3
48316 -2 -3
48333 -3 -3
48350 -2 -3
48366 -1 -3
48383 0 -3
48400 0 -4
48416 1 -4
48433 2 -4
48450 3 -4
48466 2 -4
48483 2 -4
48500 2 -4
48516 2 -4
48533 1 -4
48550 2 -5
48566 2 -5
48583 3 -4
48600 3 -4
48616 2 -3
48633 2 -3
48650 1 -4
48666 2 -5
48683 2 -4
48700 2 -4
48716 2 -3
48733 2 -4
48750 3 -4
48766 3 -4
48783 3 -4
48800 3 -4
48816 3 -4
48833 3 -4
48850 3 -4
48866 3 -4
48883 3 -4
48900 3 -4
48916 3 -3
48933 3 -3
48950 3 -3
48966 3 -3
48983 3 -3
49000 3 -3
49016 3 -3
49033 3 -3
49050 3 -3
49066 3 -3
49083 3 -3
49100 4 -2
49116 4 -2
49133 4 -2
49150 4 -2
49166 4 -2
49183 4 -2
49200 4 -2
49216 4 -2
49233 4 -2
49250 4 -2
49266 4 -3
49283 3 -3
49300 3 -4
49316 2 -4
49333 2 -4
49350 1 -3
49366 1 -4
49383 2 -4
49400 2 -4
49416 2 -4
49433 2 -4
49450 2 -4
49466 3 -4
49483 3 -3
49500 3 -4
49516 2 -4
49533 2 -4
49550 2 -4
49566 2 -4
49583 2 -4
49600 3 -3
49616 3 -3
49633 3 -3
49650 3 -3
49666 3 -3
49683 3 -3
49700 3 -3
49716 3 -3
49733 3 -3
49750 3 -3
49766 3 -3
49783 3 -3
49800 3 -3
49816 3 -3
49833 3 -3
49850 3 -3
49866 3 -3
49883 3 -3
49900 3 -3
49916 3 -3
49933 3 -3
49950 3 -3
49966 3 -3
49983 3 -3
50000 3 -3
50016 3 -3
50033 3 -3
50050 3 -3
50066 3 -3
50083 3 -3
50100 3 -3
50116 3 -3
50133 3 -3
50150 3 -3
50166 3 -3
50183 3 -3
50200 3 -3
50216 3 -3
50233 3 -3
50250 3 -3
50266 3 -3
50283 3 -3
50300 3 -3
50316 3 -3
50333 3 -3
50350 3 -3
50366 3 -3
50383 3 -3
50400 3 -3
50416 3 -3
50433 3 -3
50450 3 -3
50466 3 -3
50483 3 -3
50500 3 -3
50516 3 -3
50533 3 -3
50550 3 -3
50566 3 -3
50583 3 -3
50600 3 -3
50616 3 -3
50633 3 -3
50650 3 -3
50666 3 -3
50683 3 -3
50700 3 -3
50716 3 -3
50733 3 -3
50750 3 -3
50766 3 -3
50783 3 -3
50800 3 -3
50816 3 -3
50833 3 -3
50850 3 -3
50866 3 -3
50883 3 -3
50900 3 -3
50916 3 -3
50933 3 -3
50950 3 -3
50966 3 -3
50983 3 -3
51000 3 -3
51016 3 -3
51033 3 -3
51050 3 -3
51066 3 -3
51083 3 -3
51100 3 -3
51116 3 -3
51133 3 -3
51150 3 -3
51166 3 -3
51183 3 -3
51200 3 -3
51216 3 -3
51233 3 -3
51250 3 -3
51266 3 -3
51283 3 -3
51300 3 -3
51316 3 -3
51333 3 -3
51350 3 -3
51366 3 -3
51383 3 -3
51400 3 -3
51416 3 -3
51433 3 -3
51450 3 -3
51466 3 -3
51483 3 -3
51500 3 -3
51516 3 -3
51533 3 -3
51550 3 -3
51566 3 -3
51583 3 -3
51600 3 -3
51616 3 -3
51633 3 -3
51650 3 -3
51666 3 -3
51683 3 -3
51700 3 -3
51716 3 -3
51733 3 -3
51750 3 -3
51766 3 -3
51783 3 -3
51800 3 -3
51816 3 -3
51833 3 -3
51850 3 -3
51866 3 -3
51883 3 -3
51900 3 -3
51916 3 -3
51933 3 -3
51950 3 -3
51966 3 -3
51983 3 -3
52000 3 -3
52016 3 -3
52033 3 -3
52050 3 -3
52066 3 -3
52083 3 -3
52100 3 -3
52116 3 -3
52133 3 -3
52150 3 -3
52166 3 -3
52183 3 -3
52200 3 -3
52216 3 -3
52233 3 -3
52250 3 -3
52266 3 -3
52283 3 -3
52300 3 -3
52316 3 -3
52333 3 -3
52350 3 -3
52366 3 -3
52383 3 -3
52400 3 -3
52416 3 -3
52433 3 -3
52450 3 -3
52466 3 -3
52483 3 -3
52500 3 -3
52516 3 -3
52533 3 -3
52550 3 -3
52566 3 -3
52583 3 -3
52600 3 -3
52616 3 -3
52633 3 -3
52650 3 -3
52666 3 -3
52683 3 -3
52700 3 -3
52716 3 -3
52733 3 -3
52750 3 -3
52766 3 -3
52783 3 -3
52800 3 -3
52816 3 -3
52833 3 -3
52850 3 -3
52866 3 -3
52883 3 -3
52900 3 -3
52916 3 -3
52933 3 -3
52950 3 -3
52966 3 -3
52983 3 -3
53000 3 -3
53016 3 -3
53033 3 -3
53050 3 -3
53066 3 -3
53083 3 -3
53100 3 -3
53116 3 -3
53133 3 -3
53150 3 -3
53166 3 -3
53183 3 -3
53200 3 -3
53216 3 -3
53233 3 -3
53250 3 -3
53266 3 -3
53283 3 -3
53300 3 -3
53316 3 -3
53333 3 -3
53350 3 -3
53366 3 -3
53383 3 -3
53400 3 -3
53416 3 -3
53433 3 -3
53450 3 -3
53466 3 -3
53483 3 -3
53500 3 -3
53516 3 -3
53533 3 -3
53550 3 -3
53566 3 -3
53583 3 -3
53600 3 -3
53616 3 -3
53633 3 -3
53650 3 -3
53666 3 -3
53683 3 -3
53700 3 -3
53716 3 -3
53733 3 -3
53750 3 -3
53766 3 -3
53783 3 -3
53800 3 -3
53816 3 -3
53833 3 -3
53850 3 -3
53866 3 -3
53883 3 -3
53900 3 -3
53916 3 -3
53933 3 -3
53950 3 -3
53966 3 -3
53983 3 -3
54000 3 -3
54016 3 -3
54033 3 -3
54050 3 -3
54066 3 -3
54083 3 -3
54100 3 -3
54116 3 -3
54133 3 -3
54150 3 -3
54166 3 -3
54183 3 -3
54200 3 -3
54216 3 -3
54233 3 -3
54250 3 -3
54266 3 -3
54283 3 -3
54300 3 -3
54316 3 -3
54333 3 -3
54350 3 -3
54366 3 -3
54383 3 -3
54400 3 -3
54416 3 -3
54433 3 -3
54450 3 -3
54466 3 -3
54483 3 -3
54500 3 -3
54516 3 -3
54533 3 -3
54550 3 -3
54566 3 -3
54583 3 -3
54600 3 -3
54616 3 -3
54633 3 -3
54650 3 -3
54666 3 -3
54683 3 -3
54700 3 -3
54716 3 -3
54733 3 -3
54750 3 -3
54766 3 -3
54783 3 -3
54800 3 -3
54816 3 -3
54833 3 -3
54850 3 -3
54866 3 -3
54883 3 -3
54900 3 -3
54916 3 -3
54933 3 -3
54950 3 -3
54966 3 -3
54983 3 -3
55000 3 -3
55016 3 -3
55033 3 -3
55050 3 -3
55066 3 -3
55083 3 -3
55100 3 -3
55116 3 -3
55133 3 -3
55150 3 -3
55166 3 -3
55183 3 -3
55200 3 -3
55216 3 -3
55233 3 -3
55250 3 -3
55266 3 -3
55283 3 -3
55300 3 -3
55316 3 -3
55333 3 -3
55350 3 -3
55366 3 -3
55383 3 -3
55400 3 -3
55416 3 -3
55433 3 -3
55450 3 -3
55466 3 -3
55483 3 -3
55500 3 -3
55516 3 -3
55533 3 -3
55550 3 -3
55566 3 -3
55583 3 -3
55600 3 -3
55616 3 -3
55633 3 -3
55650 3 -3
55666 3 -3
55683 3 -3
55700 3 -3
55716 3 -3
55733 3 -3
55750 3 -3
55766 3 -3
55783 3 -3
55800 3 -3
55816 3 -3
55833 3 -3
55850 3 -3
55866 3 -3
55883 3 -3
55900 3 -3
55916 3 -3
55933 3 -3
55950 3 -3
55966 3 -3
55983 3 -3
56000 3 -3
56016 3 -3
56033 3 -3
56050 3 -3
56066 3 -3
56083 3 -3
56100 3 -3
56116 3 -3
56133 3 -3
56150 3 -3
56166 3 -3
56183 3 -3
56200 3 -3
56216 3 -3
56233 3 -3
56250 3 -3
56266 3 -3
56283 3 -3
56300 3 -3
56316 3 -3
56333 3 -3
56350 3 -3
56366 3 -3
56383 3 -3
56400 3 -3
56416 3 -3
56433 3 -3
56450 3 -3
56466 3 -3
56483 3 -3
56500 3 -3
