time left right
0 -5 -5
16 -4 -5
33 -2 -4
50 0 0
66 6 8
83 16 21
100 30 40
116 57 63
133 91 93
150 129 126
166 169 162
183 209 199
200 248 235
216 284 271
233 311 299
250 330 321
266 343 337
283 351 348
300 356 355
316 359 359
333 360 359
350 360 360
366 360 360
383 361 361
400 362 361
416 362 361
433 362 361
450 363 362
466 363 362
483 363 362
500 363 362
516 363 364
533 363 363
550 363 363
566 363 363
583 363 362
600 363 362
616 363 362
633 363 361
650 363 360
666 364 360
683 363 360
700 363 359
716 363 359
733 362 359
750 363 359
766 363 359
783 362 358
800 363 358
816 363 357
833 362 357
850 362 356
866 362 356
883 361 355
900 361 355
916 360 354
933 360 354
950 360 354
966 359 353
983 359 353
1000 359 353
1016 359 352
1033 358 352
1050 358 351
1066 358 349
1083 358 350
1100 358 350
1116 358 350
1133 357 351
1150 357 350
1166 357 351
1183 357 351
1200 356 351
1216 357 352
1233 356 352
1250 356 353
1266 355 353
1283 355 354
1300 355 354
1316 355 354
1333 355 354
1350 355 355
1366 354 355
1383 355 355
1400 354 356
1416 355 356
1433 355 357
1450 355 357
1466 355 357
1483 355 357
1500 355 358
1516 356 357
1533 356 357
1550 356 353
1566 356 352
1583 356 354
1600 356 354
1616 356 355
1633 356 355
1650 356 354
1666 356 356
1683 356 356
1700 356 356
1716 352 356
1733 352 356
1750 353 355
1766 353 355
1783 354 354
1800 354 355
1816 353 355
1833 355 355
1850 355 354
1866 354 354
1883 354 353
1900 354 353
1916 354 352
1933 354 352
1950 353 351
1966 353 351
1983 352 350
2000 352 350
2016 351 349
2033 351 349
2050 351 348
2066 351 348
2083 350 347
2100 351 352
2116 351 352
2133 350 351
2150 350 351
2166 349 349
2183 349 350
2200 350 350
2216 350 348
2233 350 348
2250 350 348
2266 349 348
2283 350 349
2300 350 349
2316 350 350
2333 349 350
2350 349 349
2366 349 350
2383 349 351
2400 348 351
2416 348 351
2433 348 351
2450 348 352
2466 348 353
2483 348 353
2500 348 353
2516 348 353
2533 348 353
2550 349 353
2566 349 353
2583 349 355
2600 349 354
2616 349 354
2633 349 354
2650 349 353
2666 349 353
2683 349 353
2700 349 352
2716 349 352
2733 350 352
2750 346 352
2766 346 351
2783 347 351
2800 347 351
2816 348 349
2833 347 350
2850 347 350
2866 349 349
2883 349 350
2900 349 349
2916 349 349
2933 348 349
2950 348 348
2966 347 347
2983 346 347
3000 346 346
3016 346 345
3033 345 345
3050 344 344
3066 343 344
3083 343 344
3100 342 343
3116 342 343
3133 342 342
3150 342 342
3166 341 343
3183 341 343
3200 341 343
3216 340 343
3233 340 343
3250 340 343
3266 340 343
3283 341 344
3300 341 344
3316 340 344
3333 340 345
3350 339 345
3366 339 345
3383 339 346
3400 338 346
3416 338 346
3433 338 347
3450 339 347
3466 338 347
3483 338 347
3500 339 347
3516 340 347
3533 339 347
3550 339 347
3566 339 347
3583 338 346
3600 334 344
3616 329 341
3633 319 339
3650 304 331
3666 284 319
3683 258 303
3700 226 280
3716 193 252
3733 160 219
3750 130 182
3766 104 149
3783 82 120
3800 62 94
3816 46 73
3833 34 56
3850 24 42
3866 18 32
3883 11 24
3900 5 17
3916 2 12
3933 0 8
3950 -2 4
3966 -4 1
3983 -5 0
4000 -5 -1
4016 -5 -3
4033 -4 -3
4050 -4 -4
4066 -3 -4
4083 -3 -4
4100 -2 -3
4116 -2 -3
4133 -1 -3
4150 -1 -2
4166 0 -2
4183 0 -1
4200 0 0
4216 0 0
4233 0 0
4250 0 0
4266 0 0
4283 -1 0
4300 -1 0
4316 -2 0
4333 -3 0
4350 -3 0
4366 -4 0
4383 -4 0
4400 -4 0
4416 -4 0
4433 -3 0
4450 -2 0
4466 -1 0
4483 -1 0
4500 -1 0
4516 -2 -2
4533 -4 -6
4550 -10 -15
4566 -22 -29
4583 -37 -48
4600 -57 -70
4616 -82 -96
4633 -114 -122
4650 -149 -150
4666 -176 -186
4683 -199 -215
4700 -231 -252
4716 -261 -288
4733 -287 -317
4750 -310 -346
4766 -327 -368
4783 -343 -383
4800 -358 -395
4816 -364 -401
4833 -368 -405
4850 -371 -407
4866 -375 -407
4883 -374 -407
4900 -373 -407
4916 -373 -407
4933 -372 -407
4950 -372 -406
4966 -372 -406
4983 -370 -405
5000 -370 -404
5016 -370 -402
5033 -370 -402
5050 -370 -402
5066 -370 -402
5083 -371 -401
5100 -371 -401
5116 -371 -401
5133 -371 -401
5150 -371 -401
5166 -371 -400
5183 -371 -400
5200 -371 -400
5216 -370 -400
5233 -370 -400
5250 -370 -400
5266 -370 -400
5283 -370 -400
5300 -369 -401
5316 -369 -402
5333 -368 -402
5350 -367 -402
5366 -368 -402
5383 -368 -402
5400 -368 -403
5416 -369 -404
5433 -370 -404
5450 -370 -405
5466 -371 -405
5483 -371 -407
5500 -371 -407
5516 -371 -407
5533 -372 -407
5550 -372 -406
5566 -372 -407
5583 -371 -407
5600 -371 -406
5616 -367 -406
5633 -366 -407
5650 -367 -407
5666 -365 -407
5683 -366 -406
5700 -366 -406
5716 -366 -406
5733 -369 -408
5750 -368 -407
5766 -368 -407
5783 -369 -406
5800 -368 -405
5816 -368 -405
5833 -368 -404
5850 -369 -402
5866 -368 -402
5883 -368 -401
5900 -367 -401
5916 -367 -400
5933 -366 -398
5950 -365 -398
5966 -365 -398
5983 -364 -398
6000 -364 -398
6016 -364 -397
6033 -363 -397
6050 -363 -397
6066 -363 -397
6083 -363 -397
6100 -363 -397
6116 -363 -396
6133 -363 -396
6150 -362 -396
6166 -363 -396
6183 -364 -396
6200 -364 -396
6216 -364 -397
6233 -364 -397
6250 -364 -397
6266 -364 -398
6283 -364 -398
6300 -364 -398
6316 -365 -399
6333 -365 -400
6350 -365 -401
6366 -365 -402
6383 -366 -401
6400 -366 -403
6416 -366 -403
6433 -366 -403
6450 -366 -403
6466 -366 -402
6483 -366 -403
6500 -366 -403
6516 -366 -403
6533 -366 -402
6550 -366 -403
6566 -365 -403
6583 -365 -403
6600 -365 -403
6616 -365 -403
6633 -364 -403
6650 -364 -400
6666 -363 -401
6683 -363 -400
6700 -364 -399
6716 -363 -399
6733 -363 -399
6750 -363 -398
6766 -363 -399
6783 -363 -398
6800 -362 -398
6816 -362 -397
6833 -362 -397
6850 -361 -396
6866 -362 -395
6883 -362 -395
6900 -361 -395
6916 -361 -394
6933 -360 -394
6950 -359 -393
6966 -359 -393
6983 -358 -393
7000 -358 -393
7016 -357 -393
7033 -357 -392
7050 -357 -393
7066 -357 -393
7083 -357 -392
7100 -358 -393
7116 -359 -393
7133 -358 -393
7150 -358 -393
7166 -358 -392
7183 -358 -393
7200 -358 -394
7216 -357 -394
7233 -357 -395
7250 -357 -397
7266 -357 -398
7283 -357 -399
7300 -358 -398
7316 -358 -399
7333 -358 -399
7350 -358 -399
7366 -358 -399
7383 -359 -399
7400 -359 -399
7416 -359 -399
7433 -360 -399
7450 -360 -399
7466 -360 -399
7483 -360 -399
7500 -360 -399
7516 -360 -399
7533 -360 -399
7550 -360 -398
7566 -360 -398
7583 -359 -396
7600 -359 -397
7616 -359 -397
7633 -357 -396
7650 -356 -397
7666 -356 -396
7683 -356 -395
7700 -356 -395
7716 -356 -395
7733 -355 -394
7750 -356 -393
7766 -356 -393
7783 -356 -392
7800 -356 -391
7816 -356 -391
7833 -356 -391
7850 -356 -391
7866 -355 -390
7883 -355 -390
7900 -356 -390
7916 -356 -390
7933 -355 -389
7950 -354 -388
7966 -354 -388
7983 -353 -388
8000 -353 -388
8016 -352 -388
8033 -352 -388
8050 -351 -389
8066 -351 -389
8083 -351 -390
8100 -350 -390
8116 -350 -390
8133 -350 -391
8149 -349 -393
8166 -350 -395
8183 -350 -395
8200 -350 -395
8216 -350 -395
8233 -350 -396
8250 -351 -396
8266 -351 -394
8283 -351 -393
8300 -351 -393
8316 -351 -393
8333 -352 -392
8350 -351 -391
8366 -348 -390
8383 -340 -388
8400 -324 -387
8416 -298 -379
8433 -268 -362
8450 -236 -339
8466 -202 -312
8483 -171 -281
8500 -141 -243
8516 -113 -207
8533 -91 -174
8550 -72 -146
8566 -54 -122
8583 -38 -100
8600 -25 -78
8616 -14 -60
8633 -4 -45
8650 3 -32
8666 8 -20
8683 12 -10
8700 14 -2
8716 15 2
8733 15 6
8750 14 8
8766 13 9
8783 11 10
8800 9 10
8816 7 9
8833 5 8
8850 3 8
8866 2 7
8883 0 6
8900 0 5
8916 0 5
8933 -1 4
8950 -1 4
8966 -1 4
8983 -1 3
9000 0 3
9016 0 3
9033 0 3
9050 0 2
9066 0 2
9083 0 2
9100 0 2
9116 0 1
9133 1 1
9150 1 0
9166 1 0
9183 2 0
9200 2 0
9216 2 0
9233 3 0
9250 3 0
9266 3 0
9283 3 0
9300 3 0
9316 3 0
9333 3 0
9350 2 0
9366 2 0
9383 1 0
9400 1 0
9416 0 1
9433 0 1
9450 -1 1
9466 -2 2
9483 -2 2
9500 -2 2
9516 -2 2
9533 -1 1
9550 0 0
9566 2 -3
9583 6 -10
9600 13 -19
9616 22 -32
9633 35 -49
9650 52 -70
9666 75 -94
9683 119 -133
9700 167 -171
9716 206 -200
9733 239 -244
9750 273 -284
9766 302 -319
9783 324 -348
9800 334 -363
9816 337 -376
9833 341 -387
9850 345 -390
9866 344 -391
9883 343 -391
9900 343 -390
9916 343 -390
9933 342 -389
9950 342 -389
9966 342 -389
9983 342 -388
10000 342 -388
10016 342 -387
10033 341 -387
10050 341 -387
10066 341 -387
10083 341 -387
10100 341 -387
10116 342 -387
10133 341 -387
10150 342 -388
10166 342 -388
10183 341 -387
10200 341 -387
10216 340 -387
10233 340 -388
10250 340 -389
10266 340 -390
10283 340 -391
10300 340 -394
10316 340 -394
10333 340 -394
10350 340 -396
10366 341 -396
10383 341 -395
10400 341 -395
10416 341 -394
10433 341 -394
10450 341 -395
10466 341 -394
10483 342 -394
10500 342 -394
10516 342 -394
10533 342 -394
10550 342 -394
10566 342 -394
10583 342 -394
10600 342 -395
10616 344 -395
10633 344 -394
10650 343 -394
10666 343 -393
10683 342 -393
10700 342 -392
10716 342 -391
10733 341 -391
10750 341 -390
10766 341 -389
10783 340 -388
10800 340 -388
10816 340 -386
10833 340 -386
10850 340 -386
10866 339 -385
10883 339 -385
10900 339 -385
10916 339 -384
10933 338 -385
10950 338 -384
10966 337 -384
10983 337 -384
11000 336 -384
11016 336 -384
11033 336 -384
11050 336 -383
11066 335 -384
11083 335 -384
11100 334 -384
11116 334 -384
11133 334 -385
11150 334 -386
11166 333 -385
11183 333 -386
11200 332 -387
11216 332 -388
11233 333 -389
11250 333 -390
11266 333 -390
11283 332 -390
11300 332 -390
11316 332 -390
11333 332 -390
11350 332 -390
11366 332 -390
11383 332 -390
11400 331 -390
11416 333 -391
11433 333 -390
11450 333 -390
11466 333 -390
11483 332 -390
11500 333 -390
11516 333 -390
11533 333 -390
11550 333 -389
11566 334 -390
11583 334 -384
11600 334 -383
11616 335 -384
11633 335 -384
11650 336 -385
11666 336 -385
11683 336 -384
11700 338 -386
11716 336 -385
11733 335 -385
11750 336 -384
11766 335 -380
11783 336 -379
11800 336 -379
11816 334 -379
11833 335 -380
11850 335 -380
11866 335 -379
11883 335 -380
11900 335 -380
11916 335 -380
11933 336 -380
11950 336 -380
11966 337 -380
11983 337 -380
12000 336 -380
12016 336 -380
12033 335 -380
12050 334 -380
12066 333 -380
12083 332 -381
12100 331 -378
12116 330 -378
12133 329 -379
12150 328 -380
12166 328 -382
12183 327 -383
12200 327 -384
12216 327 -386
12233 326 -387
12250 326 -387
12266 326 -387
12283 327 -387
12300 327 -387
12316 327 -386
12333 326 -386
12350 325 -387
12366 325 -387
12383 324 -387
12400 323 -387
12416 323 -387
12433 322 -387
12450 322 -387
12466 322 -386
12483 322 -385
12500 323 -385
12516 323 -379
12533 324 -379
12550 324 -380
12566 325 -380
12583 325 -381
12600 326 -381
12616 326 -380
12633 326 -382
12650 327 -382
12666 327 -381
12683 328 -376
12700 328 -375
12716 328 -375
12733 328 -375
12750 328 -376
12766 328 -376
12783 328 -375
12800 330 -377
12816 330 -377
12833 330 -377
12850 330 -377
12866 329 -376
12883 329 -376
12900 329 -376
12916 328 -375
12933 328 -375
12950 328 -374
12966 328 -374
12983 327 -373
13000 326 -372
13016 325 -371
13033 322 -367
13050 317 -359
13066 307 -345
13083 283 -319
13100 252 -285
13116 216 -250
13133 182 -215
13150 149 -179
13166 117 -146
13183 88 -117
13200 66 -94
13216 49 -75
13233 37 -59
13250 27 -44
13266 21 -33
13283 16 -24
13300 12 -15
13316 10 -9
13333 8 -3
13350 7 0
13366 6 3
13383 5 5
13400 5 7
13416 4 8
13433 4 9
13450 4 9
13466 4 9
13483 3 9
13500 3 8
13516 2 8
13533 1 7
13550 1 6
13566 0 5
13583 0 4
13600 -2 3
13616 -3 2
13633 -4 1
13650 -5 0
13666 -6 0
13683 -7 0
13700 -7 0
13716 -7 0
13733 -6 0
13750 -5 0
13766 -4 0
13783 -2 0
13800 0 0
13816 0 0
13833 2 0
13850 4 0
13866 5 0
13883 6 0
13900 7 0
13916 8 1
13933 8 2
13950 4 7
13966 0 16
13983 -6 30
14000 -31 59
14016 -61 92
14033 -92 127
14050 -127 164
14066 -162 202
14083 -198 240
14100 -233 274
14116 -258 301
14133 -279 318
14150 -297 330
14166 -311 338
14183 -321 342
14200 -327 345
14216 -330 344
14233 -333 342
14250 -334 342
14266 -334 342
14283 -334 342
14300 -335 341
14316 -335 340
14333 -335 340
14350 -335 339
14366 -335 339
14383 -335 339
14400 -334 340
14416 -334 340
14433 -334 340
14450 -333 340
14466 -332 341
14483 -332 341
14500 -332 341
14516 -332 341
14533 -332 342
14550 -331 342
14566 -331 341
14583 -331 342
14600 -331 343
14616 -331 343
14633 -330 344
14650 -330 344
14666 -330 345
14683 -330 345
14700 -331 346
14716 -330 346
14733 -329 346
14750 -328 346
14766 -328 347
14783 -327 347
14800 -327 347
14816 -326 348
14833 -325 346
14850 -324 346
14866 -324 346
14883 -324 346
14900 -324 346
14916 -324 346
14933 -325 345
14950 -325 346
14966 -325 345
14983 -325 345
15000 -325 345
15016 -325 344
15033 -325 344
15050 -326 344
15066 -327 343
15083 -327 340
15100 -326 339
15116 -326 339
15133 -326 339
15150 -327 339
15166 -327 339
15183 -326 339
15200 -326 340
15216 -326 340
15233 -325 339
15250 -325 339
15266 -325 338
15283 -325 338
15300 -325 338
15316 -326 337
15333 -326 337
15350 -326 337
15366 -327 336
15383 -327 336
15400 -327 334
15416 -327 334
15433 -328 334
15450 -328 335
15466 -328 335
15483 -328 335
15500 -328 335
15516 -328 336
15533 -328 336
15550 -327 336
15566 -327 336
15583 -327 336
15600 -326 337
15616 -326 338
15633 -326 338
15650 -326 338
15666 -325 338
15683 -325 339
15700 -325 339
15716 -324 340
15733 -324 340
15750 -324 341
15766 -323 341
15783 -323 341
15800 -323 342
15816 -323 342
15833 -323 342
15850 -323 342
15866 -323 342
15883 -322 342
15900 -321 343
15916 -321 343
15933 -320 343
15950 -319 343
15966 -318 342
15983 -318 342
16000 -318 342
16016 -318 341
16033 -318 341
16049 -318 341
16066 -317 340
16083 -317 340
16100 -317 340
16116 -317 339
16133 -317 339
16150 -317 341
16166 -318 342
16183 -318 342
16200 -319 342
16216 -319 341
16233 -319 340
16250 -319 339
16266 -318 338
16283 -317 336
16299 -317 336
16316 -317 335
16333 -317 335
16350 -317 334
16366 -317 334
16383 -318 334
16400 -318 333
16416 -318 333
16433 -319 332
16450 -319 332
16466 -319 335
16483 -320 337
16500 -320 336
16516 -320 335
16533 -321 335
16550 -321 334
16566 -321 334
16583 -321 333
16600 -320 332
16616 -320 332
16633 -320 333
16650 -319 333
16666 -319 334
16683 -318 334
16700 -317 335
16716 -315 334
16733 -315 335
16750 -316 335
16766 -316 336
16783 -316 336
16800 -316 336
16816 -316 337
16833 -316 337
16850 -316 337
16866 -316 338
16883 -315 338
16900 -315 338
16916 -315 338
16933 -315 338
16950 -316 339
16966 -316 338
16983 -315 338
17000 -315 338
17016 -314 338
17033 -313 338
17050 -313 337
17066 -312 337
17083 -311 337
17100 -311 337
17116 -311 336
17133 -311 336
17150 -311 336
17166 -311 335
17183 -311 335
17200 -311 335
17216 -311 333
17233 -311 334
17250 -311 335
17266 -311 334
17283 -310 334
17300 -310 333
17316 -310 333
17333 -310 333
17350 -311 332
17366 -311 331
17383 -311 331
17400 -311 331
17416 -311 330
17433 -312 329
17450 -312 329
17466 -312 329
17483 -312 328
17500 -312 328
17516 -313 328
17533 -313 328
17550 -313 323
17566 -313 324
17583 -313 324
17600 -313 324
17616 -314 325
17633 -314 325
17650 -314 325
17666 -314 327
17683 -314 327
17700 -314 327
17716 -314 328
17733 -313 328
17750 -313 329
17766 -313 329
17783 -313 330
17800 -313 330
17816 -312 331
17833 -310 331
17850 -309 332
17866 -311 332
17883 -311 332
17900 -310 333
17916 -310 333
17933 -310 333
17950 -310 333
17966 -311 333
17983 -309 334
18000 -309 334
18016 -308 334
18033 -308 335
18050 -307 333
18066 -307 333
18083 -306 334
18100 -306 333
18116 -305 333
18133 -303 332
18150 -299 332
18166 -296 332
18183 -292 331
18200 -287 330
18216 -281 328
18233 -275 324
18250 -265 315
18266 -251 302
18283 -223 283
18300 -191 258
18316 -161 225
18333 -133 189
18350 -110 151
18366 -89 123
18383 -68 99
18400 -53 71
18416 -40 47
18433 -30 29
18450 -21 15
18466 -12 7
18483 -5 0
18500 0 -7
18516 4 -10
18533 7 -10
18550 10 -9
18566 11 -8
18583 12 -6
18600 12 -5
18616 12 -3
18633 11 -1
18650 10 0
18666 9 0
18683 7 1
18700 5 1
18716 4 1
18733 2 1
18750 1 1
18766 0 1
18783 0 0
18800 0 0
18816 -1 -1
18833 -1 -2
18850 -1 -3
18866 -1 -4
18883 0 -5
18900 0 -5
18916 0 -6
18933 0 -6
18950 0 -6
18966 0 -6
18983 0 -6
19000 0 -7
19016 1 -7
19033 1 -7
19050 1 -7
19066 1 -7
19083 1 -6
19100 2 -6
19116 2 -5
19133 2 -4
19150 2 -4
19166 2 -3
19183 2 -2
19200 2 -2
19216 2 -1
19233 1 -1
19250 1 0
19266 1 0
19283 0 0
19300 0 0
19316 0 0
19333 0 0
19350 0 0
19366 0 0
19383 0 0
19400 0 0
19416 0 0
19433 0 0
19450 0 0
19466 0 0
19483 0 0
19500 0 0
19516 0 0
19533 0 1
19550 0 1
19566 0 2
19583 0 2
19600 0 1
19616 0 0
19633 0 -2
19650 0 -4
19666 0 -5
19683 0 -6
19700 1 -7
19716 1 -6
19733 2 -6
19750 2 -4
19766 2 -3
19783 2 -1
19800 2 0
19816 2 1
19833 2 2
19850 2 2
19866 1 3
19883 1 3
19900 0 4
19916 0 4
19933 0 4
19950 0 4
19966 0 4
19983 0 4
20000 0 3
20016 0 3
20033 0 2
20050 0 2
20066 0 1
20083 0 1
20100 0 1
20116 0 1
20133 -1 0
20150 -1 0
20166 -1 0
20183 0 0
20200 0 0
20216 0 0
20233 0 0
20250 0 0
20266 0 0
20283 0 0
20300 0 0
20316 0 0
20333 0 0
20350 0 0
20366 0 -1
20383 0 -1
20400 0 -1
20416 0 -1
20433 0 -1
20450 0 -1
20466 0 -1
20483 0 0
20500 0 0
20516 0 0
20533 0 0
20550 0 0
20566 0 0
20583 0 0
20600 0 0
20616 0 0
20633 0 0
20650 0 0
20666 0 0
20683 0 0
20700 0 0
20716 0 0
20733 0 0
20750 0 0
20766 0 0
20783 0 0
20800 0 0
20816 0 0
20833 0 0
20850 0 0
20866 0 0
20883 0 0
20900 0 0
20916 0 0
20933 0 0
20950 0 0
20966 0 0
20983 0 0
21000 0 0
21016 0 0
21033 0 0
21050 0 0
21066 0 0
21083 0 0
21100 0 0
21116 0 0
21133 0 0
21150 0 0
21166 0 0
21183 0 0
21200 0 0
21216 0 0
21233 0 0
21250 0 0
21266 0 0
21283 0 0
21300 0 0
21316 0 0
21333 0 0
21350 0 0
21366 0 0
21383 0 0
21400 0 0
21416 0 0
21433 0 0
21450 0 0
21466 0 0
21483 0 0
21500 0 0
21516 0 0
21533 0 0
21550 0 0
21566 0 0
21583 0 0
21600 0 0
21616 0 0
21633 0 0
21650 0 0
21666 0 0
21683 0 0
21700 0 0
21716 0 0
21733 0 0
21750 0 0
21766 0 0
21783 0 0
21800 0 0
21816 0 0
21833 0 0
21850 0 0
21866 0 0
21883 0 0
21900 0 0
21916 0 0
21933 0 0
21950 0 0
21966 0 0
21983 0 0
22000 0 0
22016 0 0
22033 0 0
22050 0 0
22066 0 0
22083 0 0
22100 0 0
22116 0 0
22133 0 0
22150 0 0
22166 0 0
22183 0 0
22200 0 0
22216 0 0
22233 0 0
22250 0 0
22266 0 0
22283 0 0
22300 0 0
22316 0 0
22333 0 0
22350 0 0
22366 0 0
22383 0 0
22400 0 0
22416 0 0
22433 0 0
22450 0 0
22466 0 0
22483 0 0
22500 0 0
22516 0 0
22533 0 0
22550 0 0
22566 0 0
22583 0 0
22600 0 0
22616 0 0
22633 0 0
22650 0 0
22666 0 0
22683 0 0
22700 0 0
22716 0 0
22733 0 0
22750 0 0
22766 0 0
22783 0 0
22800 0 0
22816 0 0
22833 0 0
22850 0 0
22866 0 0
22883 0 0
22900 0 0
22916 0 0
22933 0 0
22950 0 0
22966 0 0
22983 0 0
23000 0 0
23016 0 0
23033 0 0
23050 0 0
23066 0 0
23083 0 0
23100 0 0
23116 0 0
23133 0 0
23150 0 0
23166 0 0
23183 0 0
23200 0 0
23216 0 0
23233 0 0
23250 0 0
23266 0 0
23283 0 0
23300 0 0
23316 0 0
23333 0 0
23350 0 0
23366 0 0
23383 0 0
23400 0 0
23416 0 0
23433 0 0
23450 0 0
23466 0 0
23483 0 0
23500 0 0
23516 0 0
23533 0 0
23550 0 0
23566 0 0
23583 0 0
23600 0 0
23616 0 0
23633 0 0
23650 0 0
23666 0 0
23683 0 0
23700 0 0
23716 0 0
23733 0 0
23750 0 0
23766 0 0
23783 0 0
23800 0 0
23816 0 0
23833 0 0
23850 0 0
23866 0 0
23883 0 0
23900 0 0
23916 0 0
23933 0 0
23950 0 0
23966 0 0
23983 0 0
24000 0 0
24016 0 0
24033 0 0
24050 0 0
24066 0 0
24083 0 0
24100 0 0
24116 0 0
24133 0 0
24150 0 0
24166 0 0
24183 0 0
24200 0 0
24216 0 0
24233 0 0
24250 0 0
24266 0 0
24283 0 0
24300 0 0
24316 0 0
24333 0 0
24350 0 0
24366 0 0
24383 0 0
24400 0 0
24416 0 0
24433 0 0
24450 0 0
24466 0 0
24483 0 0
24500 0 0
24516 0 0
24533 0 0
24550 0 0
24566 0 0
24583 0 0
24600 0 0
24616 0 0
24633 0 0
24650 0 0
24666 0 0
24683 0 0
24700 0 0
24716 0 0
24733 0 0
24750 0 0
24766 0 0
24783 0 0
24800 0 0
24816 0 0
24833 0 0
24850 0 0
24866 0 0
24883 0 0
24900 0 0
24916 0 0
24933 0 0
24950 0 0
24966 0 0
24983 0 0
25000 0 0
25016 0 0
25033 0 0
25050 0 0
25066 0 0
25083 0 0
25100 0 0
25116 0 0
25133 0 0
25150 0 0
25166 0 0
25183 0 0
25200 0 0
25216 0 0
25233 0 0
25250 0 0
25266 0 0
25283 0 0
25300 0 0
25316 0 0
25333 0 0
25350 0 0
25366 0 0
25383 0 0
25400 0 0
25416 0 0
25433 0 0
25450 0 0
25466 0 0
25483 0 0
25500 0 0
25516 0 0
25533 0 0
25550 0 0
25566 0 0
25583 0 0
25600 0 0
25616 0 0
25633 0 0
25650 0 0
25666 0 0
25683 0 0
25700 0 0
25716 0 0
25733 0 0
25750 0 0
25766 0 0
25783 0 0
25800 0 0
25816 0 0
25833 0 0
25850 0 0
25866 0 0
25883 0 0
25900 0 0
25916 0 0
25933 0 0
25950 0 0
25966 0 0
25983 0 0
26000 0 0
26016 0 0
26033 0 0
26050 0 0
26066 0 0
26083 0 0
26100 0 0
26116 0 0
26133 0 0
26150 0 0
26166 0 0
26183 0 0
26200 0 0
26216 0 0
26233 0 0
26250 0 0
26266 0 0
26283 0 0
26300 0 0
26316 0 0
26333 0 0
26350 0 0
26366 0 0
26383 0 0
26400 0 0
26416 0 0
26433 0 0
26450 0 0
26466 0 0
26483 0 0
26500 0 0
26516 0 0
26533 0 0
26550 0 0
26566 0 0
26583 0 0
26600 0 0
26616 0 0
26633 0 0
26650 0 0
26666 0 0
26683 0 0
26700 0 0
26716 0 0
26733 0 0
26750 0 0
26766 0 0
26783 0 0
26800 0 0
26816 0 0
26833 0 0
26850 0 0
26866 0 0
26883 0 0
26900 0 0
26916 0 0
26933 0 0
26950 0 0
26966 0 0
26983 0 0
27000 0 0
27016 0 0
27033 0 0
27050 0 0
27066 0 0
27083 0 0
27100 0 0
27116 0 0
27133 0 0
27150 0 0
27166 0 0
27183 0 0
27200 0 0
27216 0 0
27233 0 0
27250 0 0
27266 0 0
27283 0 0
27300 0 0
27316 0 0
27333 0 0
27350 0 0
27366 0 0
27383 0 0
27400 0 0
27416 0 0
27433 0 0
27450 0 0
27466 0 0
27483 0 0
27500 0 0
27516 0 0
27533 0 0
27550 0 0
27566 0 0
27583 0 0
27600 0 0
27616 0 0
27633 0 0
27650 0 0
27666 1 0
27683 1 0
27700 2 0
27716 4 0
27733 7 0
27750 16 0
27766 30 0
27783 48 -1
27800 72 -1
27816 101 -1
27833 135 -1
27850 171 -1
27866 206 0
27883 242 1
27900 271 2
27916 293 4
27933 309 5
27950 319 6
27966 326 6
27983 330 6
28000 329 5
28016 329 4
28033 329 2
28050 330 0
28066 330 0
28083 330 -1
28100 330 -2
28116 331 -3
28133 331 -2
28150 331 -2
28166 331 -1
28183 332 -1
28200 332 0
28216 332 0
28233 332 0
28250 332 0
28266 332 0
28283 332 0
28300 332 0
28316 331 0
28333 329 0
28350 329 0
28366 329 0
28383 330 0
28400 330 -1
28416 330 -1
28433 330 -1
28450 328 -1
28466 328 -1
28483 328 0
28500 328 0
28516 328 0
28533 328 0
28550 328 0
28566 328 1
28583 328 1
28600 328 2
28616 328 2
28633 327 2
28650 327 2
28666 326 2
28683 326 2
28700 326 2
28716 325 2
28733 325 2
28750 325 1
28766 324 1
28783 324 1
28800 323 0
28816 322 0
28833 322 0
28850 321 0
28866 321 -1
28883 321 -1
28900 321 -1
28916 321 -2
28933 322 -2
28950 320 -2
28966 320 -2
28983 320 -2
29000 320 -2
29016 320 -2
29033 320 -2
29050 320 -1
29066 321 -1
29083 321 0
29100 321 0
29116 321 0
29133 322 0
29150 322 1
29166 322 1
29183 322 1
29200 321 1
29216 321 1
29233 321 1
29250 321 1
29266 321 1
29283 321 0
29300 322 0
29316 322 0
29333 323 0
29350 323 0
29366 324 0
29383 324 0
29400 324 0
29416 326 0
29433 324 0
29450 323 0
29466 324 0
29483 324 0
29500 324 0
29516 324 0
29533 322 0
29550 321 0
29566 322 0
29583 322 0
29600 322 0
29616 322 1
29633 323 1
29650 324 1
29666 324 1
29683 321 1
29700 315 2
29716 305 2
29733 289 2
29750 266 2
29766 234 2
29783 200 2
29800 165 2
29816 132 2
29833 103 2
29850 77 2
29866 55 1
29883 37 1
29900 24 1
29916 15 1
29933 7 1
29950 2 1
29966 -1 1
29983 -3 1
30000 -4 1
30016 -5 1
30033 -4 1
30050 -4 1
30066 -3 1
30083 -2 2
30100 -1 2
30116 0 2
30133 0 2
30150 0 2
30166 1 1
30183 1 1
30200 0 1
30216 0 1
30233 0 0
30250 -1 0
30266 -1 0
30283 -2 0
30300 -2 0
30316 -3 0
30333 -4 0
30350 -5 0
30366 -7 0
30383 -10 0
30400 -16 0
30416 -24 0
30433 -35 0
30450 -48 0
30466 -63 0
30483 -81 0
30500 -104 0
30516 -128 -1
30533 -152 -1
30550 -176 -2
30566 -200 -2
30583 -223 -2
30600 -245 -2
30616 -265 -2
30633 -281 -2
30650 -298 -2
30666 -316 -1
30683 -333 -1
30700 -346 0
30716 -356 0
30733 -363 0
30750 -370 0
30766 -373 0
30783 -374 0
30800 -374 -1
30816 -374 -2
30833 -375 -3
30850 -374 -4
30866 -374 -4
30883 -374 -4
30900 -374 -4
30916 -371 -4
30933 -370 -4
30950 -370 -3
30966 -370 -2
30983 -371 -1
31000 -370 -1
31016 -370 0
31033 -371 0
31050 -371 0
31066 -371 1
31083 -370 1
31100 -370 1
31116 -370 1
31133 -370 1
31150 -370 1
31166 -369 0
31183 -369 0
31200 -368 0
31216 -368 0
31233 -368 0
31250 -367 0
31266 -366 0
31283 -366 -1
31300 -366 -1
31316 -366 -1
31333 -366 -1
31350 -365 -1
31366 -364 0
31383 -364 0
31400 -364 0
31416 -364 0
31433 -365 0
31450 -365 0
31466 -365 0
31483 -366 0
31500 -366 1
31516 -366 1
31533 -366 1
31550 -366 1
31566 -366 1
31583 -365 1
31600 -366 1
31616 -366 1
31633 -366 1
31650 -366 1
31666 -366 1
31683 -367 1
31700 -367 1
31716 -368 1
31733 -368 0
31750 -368 0
31766 -368 0
31783 -368 0
31800 -368 0
31816 -368 0
31833 -368 0
31850 -368 0
31866 -367 0
31883 -364 0
31900 -364 0
31916 -363 0
31933 -364 0
31950 -364 0
31966 -363 0
31983 -363 0
32000 -363 0
32016 -363 0
32033 -362 0
32050 -361 0
32066 -361 0
32083 -360 0
32099 -360 0
32116 -360 0
32133 -360 0
32150 -360 0
32166 -359 0
32183 -358 0
32200 -356 0
32216 -355 0
32233 -353 0
32250 -350 0
32266 -346 0
32283 -342 0
32300 -333 0
32316 -324 0
32333 -308 0
32349 -284 0
32366 -253 0
32383 -217 0
32400 -180 0
32416 -146 0
32433 -112 0
32450 -84 0
32466 -60 0
32483 -42 0
32500 -28 0
32516 -18 0
32533 -9 0
32550 -2 1
32566 3 1
32583 6 1
32599 9 1
32616 11 0
32633 12 0
32650 12 0
32666 11 0
32683 10 -1
32700 8 -1
32716 6 -2
32733 3 -2
32750 1 -3
32766 0 -4
32783 -2 -4
32800 -3 -4
32816 -4 -4
32833 -4 -3
32850 -3 -2
32866 -2 -1
32883 -1 -1
32900 0 -1
32916 0 0
32933 1 0
32950 2 0
32966 3 0
32983 3 0
33000 3 1
33016 3 3
33033 2 8
33050 2 18
33066 1 33
33083 1 53
33100 0 76
33116 1 101
33133 1 128
33150 2 155
33166 3 182
33183 5 210
33200 6 233
33216 6 251
33233 7 268
33250 7 276
33266 6 282
33283 4 286
33300 2 286
33316 0 285
33333 -1 285
33350 -3 283
33366 -5 283
33383 -6 282
33400 -7 282
33416 -7 282
33433 -6 282
33450 -5 281
33466 -4 281
33483 -2 281
33500 -1 280
33516 0 280
33533 0 280
33550 1 280
33566 2 280
33583 2 280
33600 2 280
33616 2 280
33633 1 281
33650 0 281
33666 0 281
33683 -1 282
33700 -2 282
33716 -3 282
33733 -3 282
33750 -3 283
33766 -3 283
33783 -3 284
33800 -3 284
33816 -3 284
33833 -2 284
33850 -1 284
33866 -1 285
33883 0 285
33900 0 286
33916 0 286
33933 1 286
33950 1 287
33966 2 287
33983 3 287
34000 4 288
34016 5 288
34033 5 288
34050 6 288
34066 6 288
34083 6 288
34100 6 289
34116 5 288
34133 5 289
34150 4 289
34166 3 288
34183 3 289
34200 2 288
34216 1 288
34233 1 288
34250 0 287
34266 0 287
34283 0 287
34300 -1 286
34316 -1 286
34333 -1 286
34350 -1 285
34366 -1 285
34383 -1 285
34400 -1 284
34416 -1 282
34433 0 282
34450 0 282
34466 0 282
34483 0 282
34500 0 281
34516 0 281
34533 0 281
34550 0 281
34566 0 280
34583 0 279
34600 0 279
34616 0 279
34633 0 278
34650 0 278
34666 0 278
34683 0 278
34700 0 277
34716 0 277
34733 0 277
34750 0 277
34766 0 276
34783 0 276
34800 0 276
34816 0 276
34833 0 277
34850 0 276
34866 0 276
34883 0 276
34900 0 276
34916 0 276
34933 0 276
34950 0 275
34966 0 276
34983 0 277
35000 0 277
35016 0 277
35033 0 277
35050 0 278
35066 0 278
35083 0 278
35100 0 279
35116 0 279
35133 1 279
35150 1 280
35166 1 281
35183 1 281
35200 1 282
35216 0 282
35233 0 282
35250 0 282
35266 0 283
35283 0 282
35300 0 281
35316 0 278
35333 0 272
35350 0 261
35366 0 242
35383 0 216
35400 0 182
35416 0 147
35433 0 119
35450 0 91
35466 0 66
35483 0 46
35500 0 25
35516 1 11
35533 1 1
35550 2 -9
35566 2 -15
35583 3 -21
35600 3 -24
35616 3 -24
35633 3 -24
35650 3 -24
35666 3 -22
35683 3 -19
35700 2 -16
35716 1 -13
35733 1 -10
35750 0 -8
35766 0 -5
35783 0 -3
35800 -1 -2
35816 -1 0
35833 -2 0
35850 -2 1
35866 -2 1
35883 -2 1
35900 -2 1
35916 -2 0
35933 -1 0
35950 -1 -3
35966 0 -8
35983 0 -17
36000 0 -30
36016 0 -49
36033 0 -70
36050 1 -91
36066 1 -110
36083 1 -133
36100 0 -160
36116 0 -186
36133 0 -211
36150 0 -239
36166 0 -266
36183 0 -292
36200 0 -312
36216 0 -325
36233 0 -336
36250 0 -342
36266 0 -345
36283 0 -346
36300 -1 -346
36316 -1 -346
36333 -2 -345
36350 -2 -344
36366 -3 -343
36383 -3 -343
36400 -3 -343
36416 -3 -342
36433 -3 -342
36450 -2 -342
36466 -1 -342
36483 -1 -342
36500 0 -341
36516 0 -341
36533 0 -341
36550 0 -341
36566 1 -340
36583 1 -340
36600 1 -340
36616 1 -340
36633 1 -340
36650 0 -340
36666 0 -340
36683 0 -340
36700 0 -339
36716 0 -341
36733 0 -341
36750 0 -341
36766 0 -343
36783 0 -343
36800 0 -344
36816 0 -346
36833 0 -346
36850 0 -347
36866 0 -347
36883 0 -347
36900 0 -348
36916 0 -348
36933 0 -347
36950 0 -347
36966 0 -347
36983 0 -347
37000 0 -347
37016 0 -347
37033 0 -347
37050 0 -348
37066 0 -348
37083 0 -348
37100 0 -348
37116 0 -348
37133 0 -348
37150 0 -348
37166 0 -348
37183 1 -350
37200 1 -351
37216 1 -350
37233 0 -349
37250 0 -348
37266 0 -347
37283 0 -347
37300 0 -345
37316 0 -344
37333 0 -343
37350 0 -342
37366 0 -342
37383 0 -341
37400 0 -337
37416 0 -337
37433 0 -337
37450 0 -336
37466 0 -337
37483 0 -337
37500 0 -336
37516 0 -338
37533 0 -337
37550 0 -337
37566 0 -337
37583 0 -337
37600 0 -337
37616 0 -337
37633 0 -337
37650 0 -336
37666 1 -336
37683 1 -336
37700 1 -336
37716 1 -336
37733 1 -336
37750 1 -337
37766 1 -335
37783 1 -335
37800 1 -336
37816 0 -336
37833 0 -338
37850 0 -338
37866 0 -340
37883 0 -341
37900 0 -342
37916 0 -342
37933 0 -342
37950 0 -343
37966 0 -343
37983 0 -343
38000 0 -343
38016 0 -343
38033 0 -343
38050 0 -343
38066 0 -343
38083 0 -343
38100 0 -344
38116 0 -344
38133 0 -344
38150 0 -344
38166 0 -344
38183 0 -344
38200 0 -343
38216 0 -343
38233 0 -343
38250 0 -343
38266 0 -343
38283 0 -342
38300 0 -342
38316 0 -342
38333 0 -342
38350 0 -341
38366 0 -340
38383 0 -340
38400 0 -339
38416 0 -338
38433 0 -337
38450 0 -335
38466 0 -334
38483 0 -333
38500 0 -332
38516 0 -332
38533 0 -331
38550 0 -330
38566 0 -330
38583 0 -329
38600 0 -329
38616 0 -327
38633 0 -324
38650 0 -309
38666 0 -287
38683 0 -257
38700 1 -223
38716 1 -190
38733 1 -159
38750 2 -131
38766 2 -109
38783 2 -88
38800 2 -68
38816 2 -51
38833 2 -36
38850 2 -22
38866 2 -9
38883 2 1
38900 1 10
38916 1 16
38933 0 19
38950 0 20
38966 0 20
38983 0 19
39000 -1 17
39016 -1 14
39033 -1 11
39050 -2 8
39066 -1 5
39083 -1 3
39100 -1 1
39116 -1 0
39133 0 -1
39150 0 -1
39166 0 -1
39183 0 0
39200 0 0
39216 0 1
39233 0 2
39250 0 3
39266 0 3
39283 0 4
39300 0 5
39316 0 5
39333 0 5
39350 0 5
39366 0 5
39383 0 4
39400 0 4
39416 0 3
39433 0 3
39450 0 2
39466 0 2
39483 0 2
39500 0 1
39516 0 1
39533 0 0
39550 0 0
39566 0 0
39583 0 0
39600 0 0
39616 0 0
39633 0 0
39650 0 0
39666 0 0
39683 0 0
39700 0 0
39716 0 0
39733 0 0
39750 0 0
39766 0 0
39783 0 0
39800 0 0
39816 0 0
39833 0 0
39850 0 0
39866 0 0
39883 0 0
39900 0 0
39916 0 0
39933 0 0
39950 0 0
39966 0 0
39983 0 0
40000 0 0
40016 0 0
40033 0 0
40050 0 0
40066 0 0
40083 0 0
40100 0 0
40116 0 0
40133 0 0
40150 0 0
40166 0 0
40183 0 0
40200 0 0
40216 0 0
40233 0 0
40250 0 0
40266 0 0
40283 0 0
40300 0 0
40316 0 0
40333 0 0
40350 0 0
40366 0 0
40383 0 0
40400 0 0
40416 0 0
40433 0 0
40450 0 0
40466 0 0
40483 0 0
40500 0 0
40516 0 0
40533 0 0
40550 0 0
40566 0 0
40583 0 0
40600 0 0
40616 0 0
40633 0 0
40650 0 0
40666 0 0
40683 0 0
40700 0 0
40716 0 0
40733 0 0
40750 1 1
40766 1 2
40783 2 3
40800 4 5
40816 5 7
40833 7 10
40850 10 13
40866 13 16
40883 16 19
40900 19 22
40916 21 25
40933 24 28
40950 26 31
40966 29 34
40983 31 37
41000 33 39
41016 35 42
41033 37 45
41050 39 47
41066 40 50
41083 42 52
41100 44 54
41116 45 56
41133 46 57
41150 47 58
41166 48 59
41183 49 60
41200 50 60
41216 50 60
41233 51 60
41250 50 59
41266 50 58
41283 49 57
41300 48 56
41316 47 54
41333 46 52
41350 44 50
41366 42 47
41383 39 44
41400 36 41
41416 33 38
41433 30 35
41450 27 31
41466 24 26
41483 21 22
41500 19 19
41516 16 15
41533 13 11
41550 10 8
41566 8 5
41583 6 3
41600 4 1
41616 2 0
41633 1 -2
41650 0 -3
41666 0 -4
41683 -1 -5
41700 -2 -6
41716 -2 -6
41733 -3 -6
41750 -3 -6
41766 -3 -6
41783 -3 -6
41800 -3 -5
41816 -3 -5
41833 -3 -5
41850 -3 -4
41866 -2 -4
41883 -2 -3
41900 -2 -3
41916 -2 -3
41933 -2 -2
41950 -1 -2
41966 -1 -1
41983 -1 -1
42000 -1 0
42016 -1 0
42033 -1 0
42050 -1 0
42066 -1 0
42083 -1 0
42100 -1 0
42116 -1 0
42133 -2 0
42150 -2 -1
42166 -3 -2
42183 -4 -2
42200 -5 -3
42216 -6 -4
42233 -8 -6
42250 -10 -7
42266 -13 -10
42283 -16 -14
42300 -19 -18
42316 -22 -22
42333 -28 -27
42350 -33 -33
42366 -38 -38
42383 -43 -44
42400 -47 -49
42416 -51 -55
42433 -55 -61
42450 -58 -66
42466 -61 -70
42483 -64 -73
42500 -66 -77
42516 -69 -79
42533 -70 -81
42550 -72 -82
42566 -73 -83
42583 -74 -83
42600 -74 -82
42616 -75 -81
42633 -74 -80
42650 -73 -78
42666 -73 -76
42683 -71 -73
42700 -69 -70
42716 -66 -67
42733 -64 -63
42750 -61 -59
42766 -58 -55
42783 -54 -51
42800 -50 -47
42816 -47 -43
42833 -43 -40
42850 -39 -36
42866 -35 -32
42883 -31 -28
42900 -27 -24
42916 -23 -21
42933 -20 -18
42950 -16 -15
42966 -13 -13
42983 -10 -10
43000 -7 -8
43016 -5 -7
43033 -4 -5
43050 -2 -3
43066 -1 -2
43083 0 -1
43100 0 0
43116 0 0
43133 1 0
43150 1 1
43166 1 1
43183 1 2
43200 2 2
43216 2 3
43233 1 3
43250 1 3
43266 1 3
43283 1 3
43300 1 2
43316 0 2
43333 0 2
43350 0 1
43366 0 1
43383 0 0
43400 0 0
43416 0 0
43433 0 0
43450 0 0
43466 0 0
43483 0 0
43500 0 0
43516 0 0
43533 0 0
43550 0 0
43566 0 0
43583 1 0
43600 1 0
43616 1 0
43633 1 0
43650 1 0
43666 1 0
43683 1 1
43700 1 1
43716 1 1
43733 1 1
43750 0 1
43766 0 1
43783 0 1
43800 0 1
43816 0 1
43833 0 1
43850 0 1
43866 0 1
43883 0 1
43900 0 0
43916 0 0
43933 0 0
43950 0 0
43966 0 0
43983 0 0
44000 0 0
44016 0 0
44033 0 0
44050 0 0
44066 0 0
44083 0 0
44100 1 0
44116 1 0
44133 2 0
44150 3 -1
44166 5 -2
44183 8 -3
44200 12 -5
44216 16 -8
44233 22 -12
44250 27 -15
44266 33 -20
44283 39 -24
44300 45 -29
44316 50 -34
44333 54 -40
44350 59 -45
44366 62 -50
44383 66 -55
44400 68 -59
44416 70 -62
44433 71 -66
44450 71 -69
44466 71 -71
44483 70 -72
44500 68 -73
44516 67 -74
44533 65 -73
44550 63 -72
44566 61 -70
44583 58 -67
44600 54 -64
44616 50 -58
44633 45 -54
44650 41 -48
44666 37 -41
44683 32 -35
44700 28 -28
44716 25 -22
44733 21 -17
44750 18 -12
44766 15 -7
44783 12 -3
44800 9 0
44816 7 2
44833 5 5
44850 4 6
44866 3 7
44883 2 8
44900 1 8
44916 1 8
44933 0 8
44950 0 8
44966 0 7
44983 -1 6
45000 -1 5
45016 -2 5
45033 -2 4
45050 -2 3
45066 -2 3
45083 -2 2
45100 -2 2
45116 -2 2
45133 -2 1
45150 -2 1
45166 -2 1
45183 -2 1
45200 -2 1
45216 -2 1
45233 -2 0
45250 -2 0
45266 -2 0
45283 -1 0
45300 -1 0
45316 -1 0
45333 -1 0
45350 -1 0
45366 -1 0
45383 -1 0
45400 -1 0
45416 -1 0
45433 -1 1
45450 -1 1
45466 -1 1
45483 -1 2
45500 -1 3
45516 -1 4
45533 -1 4
45550 -1 5
45566 -1 6
45583 -2 7
45600 -2 8
45616 -3 10
45633 -3 12
45650 -5 15
45666 -7 18
45683 -9 22
45700 -12 25
45716 -16 30
45733 -21 35
45750 -25 40
45766 -30 45
45783 -36 50
45800 -43 54
45816 -50 58
45833 -55 61
45850 -60 64
45866 -66 66
45883 -70 68
45900 -75 70
45916 -78 72
45933 -81 74
45950 -83 76
45966 -85 78
45983 -86 80
46000 -86 83
46016 -85 85
46033 -84 87
46050 -82 89
46066 -79 92
46083 -77 94
46100 -74 96
46116 -70 97
46133 -67 98
46150 -62 97
46166 -57 96
46183 -52 93
46200 -47 88
46216 -43 83
46233 -38 77
46250 -32 71
46266 -28 64
46283 -24 56
46300 -19 49
46316 -14 42
46333 -10 35
46350 -5 28
46366 -1 23
46383 1 17
46400 5 11
46416 7 6
46433 9 2
46450 11 0
46466 12 -3
46483 12 -5
46500 12 -6
46516 12 -7
46533 11 -7
46550 10 -8
46566 8 -8
46583 7 -8
46600 6 -7
46616 4 -7
46633 3 -7
46650 2 -7
46666 1 -7
46683 1 -7
46700 0 -7
46716 0 -6
46733 0 -6
46750 0 -5
46766 0 -5
46783 0 -5
46800 0 -4
46816 0 -4
46833 0 -3
46850 0 -3
46866 0 -2
46883 0 -1
46900 0 0
46916 0 0
46933 0 0
46950 0 0
46966 0 1
46983 0 1
47000 0 1
47016 0 1
47033 0 0
47050 0 0
47066 0 0
47083 0 0
47100 0 0
47116 0 0
47133 0 0
47150 0 0
47166 0 0
47183 0 0
47200 0 0
47216 0 1
47233 0 1
47250 0 1
47266 0 1
47283 0 1
47300 0 1
47316 0 1
47333 0 1
47350 -1 0
47366 -1 0
47383 -1 0
47400 0 0
47416 0 0
47433 0 0
47450 0 0
47466 0 0
47483 0 0
47500 0 0
47516 0 0
47533 0 0
47550 0 0
47566 0 0
47583 0 0
47600 0 0
47616 0 0
47633 0 0
47650 0 0
47666 0 0
47683 0 0
47700 0 0
47716 0 0
47733 0 0
47750 -1 -1
47766 -2 -2
47783 -3 -3
47800 -4 -5
47816 -4 -6
47833 -4 -7
47850 -4 -8
47866 -3 -7
47883 -3 -7
47900 -3 -6
47916 -3 -5
47933 -3 -4
47950 -3 -4
47966 -3 -3
47983 -3 -3
48000 -3 -3
48016 -3 -2
48033 -4 -2
48050 -4 -2
48066 -4 -2
48083 -4 -2
48100 -4 -2
48116 -4 -1
48133 -4 -1
48150 -4 -1
48166 -4 -1
48183 -5 0
48200 -5 0
48216 -5 0
48233 -5 0
48250 -5 0
48266 -5 0
48283 -5 0
48300 -6 0
48316 -6 0
48333 -6 0
48350 -6 0
48366 -4 0
48383 -3 0
48400 -2 0
48416 -1 0
48433 -1 0
48450 0 0
48466 0 0
48483 0 0
48500 0 0
48516 -1 0
48533 -1 0
48550 -1 -1
48566 -1 -1
48583 0 0
48600 0 0
48616 0 0
48633 0 0
48650 -1 0
48666 0 -1
48683 0 0
48700 0 0
48716 0 0
48733 0 0
48750 0 -1
48766 0 -1
48783 0 0
48800 0 -1
48816 0 -1
48833 0 0
48850 0 0
48866 0 0
48883 0 0
48900 0 0
48916 0 0
48933 0 0
48950 0 0
48966 0 0
48983 0 0
49000 0 0
49016 0 0
49033 0 0
49050 0 0
49066 0 0
49083 0 0
49100 0 0
49116 0 0
49133 0 1
49150 0 1
49166 0 1
49183 0 1
49200 0 1
49216 1 0
49233 1 0
49250 1 0
49266 0 0
49283 0 0
49300 0 0
49316 0 0
49333 -1 0
49350 -1 0
49366 -1 0
49383 -1 0
49400 0 0
49416 0 0
49433 0 0
49450 0 0
49466 0 0
49483 0 0
49500 0 0
49516 0 0
49533 0 0
49550 0 0
49566 0 0
49583 0 0
49600 0 0
49616 0 0
49633 0 0
49650 0 0
49666 0 0
49683 0 0
49700 0 0
49716 0 0
49733 0 0
49750 0 0
49766 0 0
49783 0 0
49800 0 0
49816 0 0
49833 0 0
49850 0 0
49866 0 0
49883 0 0
49900 0 0
49916 0 0
49933 0 0
49950 0 0
49966 0 0
49983 0 0
50000 0 0
50016 0 0
50033 0 0
50050 0 0
50066 0 0
50083 0 0
50100 0 0
50116 0 0
50133 0 0
50150 0 0
50166 0 0
50183 0 0
50200 0 0
50216 0 0
50233 0 0
50250 0 0
50266 0 0
50283 0 0
50300 0 0
50316 0 0
50333 0 0
50350 0 0
50366 0 0
50383 0 0
50400 0 0
50416 0 0
50433 0 0
50450 0 0
50466 0 0
50483 0 0
50500 0 0
50516 0 0
50533 0 0
50550 0 0
50566 0 0
50583 0 0
50600 0 0
50616 0 0
50633 0 0
50650 0 0
50666 0 0
50683 0 0
50700 0 0
50716 0 0
50733 0 0
50750 0 0
50766 0 0
50783 0 0
50800 0 0
50816 0 0
50833 0 0
50850 0 0
50866 0 0
50883 0 0
50900 0 0
50916 0 0
50933 0 0
50950 0 0
50966 0 0
50983 0 0
51000 0 0
51016 0 0
51033 0 0
51050 0 0
