time left right
0.00 3 3
0.02 3 4
0.03 3 4
0.05 3 5
0.07 3 7
0.08 3 0
0.10 0 0
0.12 2 0
0.13 3 4
0.15 5 3
0.17 4 5
0.18 4 5
0.20 3 3
0.22 0 4
0.23 1 3
0.25 3 6
0.27 6 3
0.28 4 2
0.30 4 4
0.32 4 4
0.33 4 3
0.35 5 3
0.37 6 0
0.38 3 5
0.40 3 4
0.42 3 4
0.43 4 4
0.45 4 0
0.47 3 6
0.48 3 5
0.50 3 4
0.52 0 4
0.53 3 4
0.55 7 4
0.57 3 0
0.58 0 3
0.60 4 4
0.62 2 2
0.63 3 3
0.65 3 5
0.67 3 3
0.68 5 3
0.70 4 0
0.72 3 3
0.73 3 2
0.75 3 4
0.77 6 0
0.78 6 4
0.80 5 0
0.82 4 3
0.83 2 0
0.85 4 4
0.87 3 4
0.88 3 3
0.90 2 7
0.92 4 3
0.93 2 4
0.95 3 3
0.97 4 0
0.98 1 6
1.00 2 3
1.02 5 5
1.03 1 0
1.05 3 4
1.07 4 0
1.08 3 3
1.10 3 5
1.12 4 3
1.13 4 3
1.15 4 3
1.17 0 4
1.18 3 5
1.20 6 3
1.22 4 2
1.23 3 6
1.25 3 4
1.27 2 4
1.28 3 5
1.30 4 4
1.32 2 4
1.33 0 2
1.35 4 3
1.37 4 2
1.38 3 3
1.40 5 4
1.42 5 4
1.43 3 3
1.45 1 3
1.47 3 4
1.48 3 0
1.50 4 2
1.52 2 0
1.53 4 4
1.55 4 6
1.57 4 2
1.58 3 6
1.60 3 3
1.62 3 4
1.63 4 4
1.65 4 4
1.67 5 4
1.68 4 4
1.70 4 3
1.72 4 3
1.73 3 3
1.75 4 5
1.77 5 4
1.78 3 4
1.80 3 4
1.82 3 1
1.83 3 4
1.85 2 4
1.87 4 5
1.88 4 4
1.90 3 4
1.92 4 4
1.93 4 4
1.95 3 4
1.97 0 0
1.98 4 2
2.00 0 2
2.02 3 0
2.03 4 4
2.05 9 2
2.07 3 2
2.08 3 3
2.10 4 3
2.12 4 3
2.13 4 4
2.15 2 2
2.17 4 3
2.18 5 4
2.20 5 0
2.22 4 4
2.23 3 3
2.25 2 3
2.27 6 5
2.28 2 0
2.30 4 4
2.32 1 1
2.33 2 4
2.35 4 4
2.37 0 2
2.38 0 4
2.40 3 3
2.42 2 3
2.43 3 3
2.45 3 3
2.47 3 3
2.48 3 3
2.50 4 6
2.52 4 3
2.53 5 4
2.55 4 5
2.57 0 4
2.58 4 6
2.60 3 3
2.62 3 0
2.63 2 3
2.65 3 3
2.67 3 5
2.68 4 5
2.70 6 6
2.72 4 4
2.73 4 0
2.75 2 3
2.77 3 1
2.78 3 3
2.80 4 0
2.82 4 4
2.83 3 3
2.85 4 3
2.87 5 4
2.88 2 4
2.90 3 4
2.92 8 4
2.93 0 0
2.95 3 4
2.97 1 2
2.98 2 2
3.00 4 4
3.02 3 5
3.03 4 3
3.05 3 4
3.07 1 3
3.08 4 4
3.10 5 4
3.12 4 3
3.13 0 4
3.15 2 4
3.17 4 4
3.18 4 4
3.20 5 7
3.22 6 3
3.23 4 3
3.25 3 1
3.27 3 3
3.28 3 3
3.30 3 5
3.32 3 2
3.33 4 3
3.35 4 4
3.37 4 4
3.38 3 4
3.40 3 4
3.42 4 4
3.43 4 1
3.45 4 3
3.47 4 3
3.48 4 3
3.50 0 3
3.52 3 4
3.53 3 0
3.55 4 5
3.57 3 0
3.58 4 4
3.60 3 0
3.62 3 4
3.63 3 3
3.65 4 3
3.67 1 3
3.68 4 3
3.70 3 4
3.72 4 3
3.73 5 3
3.75 4 4
3.77 4 3
3.78 3 5
3.80 3 3
3.82 3 3
3.83 3 3
3.85 3 1
3.87 3 2
3.88 3 3
3.90 3 3
3.92 3 3
3.93 0 6
3.95 8 5
3.97 7 3
3.98 3 3
4.00 3 3
4.02 4 4
4.03 0 6
4.05 5 3
4.07 3 0
4.08 3 4
4.10 3 4
4.12 2 4
4.13 4 3
4.15 4 1
4.17 16 3
4.18 4 2
4.20 4 3
4.22 4 3
4.23 3 4
4.25 4 4
4.27 4 1
4.28 4 3
4.30 4 8
4.32 4 3
4.33 4 4
4.35 5 4
4.37 5 8
4.38 3 3
4.40 3 4
4.42 3 4
4.43 3 3
4.45 2 4
4.47 1 5
4.48 5 4
4.50 4 0
4.52 3 4
4.53 5 4
4.55 2 0
4.57 4 5
4.58 0 4
4.60 3 4
4.62 4 4
4.63 3 4
4.65 3 4
4.67 3 0
4.68 4 3
4.70 4 3
4.72 3 3
4.73 4 3
4.75 2 3
4.77 4 3
4.78 3 3
4.80 0 8
4.82 3 3
4.83 3 4
4.85 3 3
4.87 0 0
4.88 5 4
4.90 5 3
4.92 3 3
4.93 4 3
4.95 5 5
4.97 3 3
4.98 3 5
5.00 3 3
5.02 3 3
5.03 3 3
5.05 3 4
5.07 3 4
5.08 3 4
5.10 2 1
5.12 3 4
5.13 3 0
5.15 3 5
5.17 3 6
5.18 5 4
5.20 4 4
5.22 4 3
5.23 4 3
5.25 6 3
5.27 3 0
5.28 4 4
5.30 4 4
5.32 4 4
5.33 4 2
5.35 3 4
5.37 4 0
5.38 2 3
5.40 5 4
5.42 3 5
5.43 5 3
5.45 3 3
5.47 3 1
5.48 3 0
5.50 4 4
5.52 4 3
5.53 4 6
5.55 4 5
5.57 4 4
5.58 4 3
5.60 2 1
5.62 3 3
5.63 3 3
5.65 3 3
5.67 2 1
5.68 3 3
5.70 2 3
5.72 4 3
5.73 3 3
5.75 1 3
5.77 9 2
5.78 3 4
5.80 3 3
5.82 0 0
5.83 3 3
5.85 6 3
5.87 4 3
5.88 4 4
5.90 4 3
5.92 0 3
5.93 3 0
5.95 4 0
5.97 4 3
5.98 3 3
6.00 6 3
6.02 4 3
6.03 6 4
6.05 3 4
6.07 3 5
6.08 3 4
6.10 2 0
6.12 4 3
6.13 4 3
6.15 3 2
6.17 3 4
6.18 1 1
6.20 4 3
6.22 5 1
6.23 0 4
6.25 3 3
6.27 3 3
6.28 4 0
6.30 6 1
6.32 3 3
6.33 3 2
6.35 4 7
6.37 6 3
6.38 3 3
6.40 4 0
6.42 4 3
6.43 3 3
6.45 7 5
6.47 4 4
6.48 4 3
6.50 4 3
6.52 5 2
6.53 4 0
6.55 4 4
6.57 3 3
6.58 3 4
6.60 3 4
6.62 3 1
6.63 3 4
6.65 2 4
6.67 4 3
6.68 2 5
6.70 4 4
6.72 3 4
6.73 2 4
6.75 4 3
6.77 5 4
6.78 3 3
6.80 3 3
6.82 4 3
6.83 0 4
6.85 6 7
6.87 5 0
6.88 3 4
6.90 4 3
6.92 8 3
6.93 3 3
6.95 0 4
6.97 2 2
6.98 3 7
7.00 3 4
7.02 3 5
7.03 3 3
7.05 4 1
7.07 2 3
7.08 3 4
7.10 3 5
7.12 4 6
7.13 4 4
7.15 0 3
7.17 3 3
7.18 3 3
7.20 9 3
7.22 0 3
7.23 3 4
7.25 3 4
7.27 1 3
7.28 6 4
7.30 3 5
7.32 3 6
7.33 3 3
7.35 5 3
7.37 3 3
7.38 4 3
7.40 4 5
7.42 4 3
7.43 4 4
7.45 1 1
7.47 3 4
7.48 6 0
7.50 0 6
7.52 3 0
7.53 4 3
7.55 4 1
7.57 3 3
7.58 4 4
7.60 4 4
7.62 4 7
7.63 4 3
7.65 3 3
7.67 3 3
7.68 3 3
7.70 4 3
7.72 3 3
7.73 4 4
7.75 5 1
7.77 4 4
7.78 3 4
7.80 3 3
7.82 4 4
7.83 4 3
7.85 9 3
7.87 0 5
7.88 0 1
7.90 4 4
7.92 2 0
7.93 3 2
7.95 1 4
7.97 3 4
7.98 3 4
8.00 4 1
8.02 3 1
8.03 4 4
8.05 4 3
8.07 4 3
8.08 4 3
8.10 1 2
8.12 2 0
8.13 3 9
8.15 3 4
8.17 3 4
8.18 3 4
8.20 3 4
8.22 3 4
8.23 3 0
8.25 5 0
8.27 3 3
8.28 3 4
8.30 3 4
8.32 3 5
8.33 3 1
8.35 4 3
8.37 4 3
8.38 6 4
8.40 4 3
8.42 3 3
8.43 3 2
8.45 8 5
8.47 3 4
8.48 3 4
8.50 3 4
8.52 3 3
8.53 4 3
8.55 4 0
8.57 3 3
8.58 2 0
8.60 4 3
8.62 4 3
8.63 0 5
8.65 3 4
8.67 0 4
8.68 4 4
8.70 3 4
8.72 4 4
8.73 4 4
8.75 3 3
8.77 0 0
8.78 2 4
8.80 4 4
8.82 4 2
8.83 0 2
8.85 5 3
8.87 5 4
8.88 3 3
8.90 3 3
8.92 3 4
8.93 4 8
8.95 0 2
8.97 3 5
8.98 3 1
9.00 3 4
9.02 3 4
9.03 3 4
9.05 0 4
9.07 3 6
9.08 0 4
9.10 4 4
9.12 4 3
9.13 0 3
9.15 4 3
9.17 3 3
9.18 3 4
9.20 5 4
9.22 4 4
9.23 4 4
9.25 3 1
9.27 7 5
9.28 0 2
9.30 0 0
9.32 4 3
9.33 3 3
9.35 4 3
9.37 5 0
9.38 4 3
9.40 4 3
9.42 4 3
9.43 2 3
9.45 3 3
9.47 5 1
9.48 2 2
9.50 0 16
9.52 3 0
9.53 3 3
9.55 4 2
9.57 3 5
9.58 3 3
9.60 6 6
9.62 3 4
9.63 4 4
9.65 4 4
9.67 4 4
9.68 8 4
9.70 3 5
9.72 3 3
9.73 2 3
9.75 3 4
9.77 3 4
9.78 3 0
9.80 1 2
9.82 0 0
9.83 4 0
9.85 4 4
9.87 4 4
9.88 4 4
9.90 4 3
9.92 4 3
9.93 4 3
9.95 3 3
9.97 4 3
9.98 3 6
10.00 0 4
10.02 3 4
10.03 3 2
10.05 3 3
10.07 4 4
10.08 3 2
10.10 3 4
10.12 4 5
10.13 3 4
10.15 3 3
10.17 4 4
10.18 4 3
10.20 3 1
10.22 4 3
10.23 4 4
10.25 3 4
10.27 3 4
10.28 3 4
10.30 5 4
10.32 0 4
10.33 4 4
10.35 4 3
10.37 3 3
10.38 4 5
10.40 4 3
10.42 1 2
10.43 6 3
10.45 3 4
10.47 3 4
10.48 4 3
10.50 3 0
10.52 3 3
10.53 2 3
10.55 2 4
10.57 3 1
10.58 3 2
10.60 3 9
10.62 0 1
10.63 4 4
10.65 3 3
10.67 5 3
10.68 0 0
10.70 0 0
10.72 1 4
10.73 3 3
10.75 3 2
10.77 5 0
10.78 0 0
10.80 5 14
10.82 15 1
10.83 2 4
10.85 3 4
10.87 5 0
10.88 3 4
10.90 3 4
10.92 2 0
10.93 4 5
10.95 3 3
10.97 6 3
10.98 4 6
11.00 0 3
11.02 4 3
11.03 1 1
11.05 3 4
11.07 3 6
11.08 3 4
11.10 4 4
11.12 3 4
11.13 4 4
11.15 4 3
11.17 4 6
11.18 0 8
11.20 14 1
11.22 5 1
11.23 3 4
11.25 3 5
11.27 3 4
11.28 4 3
11.30 4 2
11.32 4 3
11.33 3 4
11.35 2 2
11.37 1 8
11.38 3 4
11.40 3 4
11.42 3 1
11.43 3 3
11.45 3 3
11.47 5 3
11.48 4 4
11.50 3 3
11.52 2 3
11.53 5 0
11.55 3 1
11.57 3 4
11.58 4 3
11.60 4 7
11.62 5 4
11.63 3 4
11.65 3 3
11.67 4 4
11.68 4 4
11.70 3 5
11.72 5 4
11.73 1 0
11.75 4 2
11.77 4 3
11.78 5 3
11.80 15 6
11.82 3 4
11.83 3 3
11.85 3 5
11.87 5 0
11.88 3 3
11.90 3 4
11.92 2 2
11.93 3 3
11.95 3 3
11.97 4 3
11.98 7 4
12.00 3 2
12.02 1 3
12.03 4 4
12.05 4 3
12.07 5 4
12.08 4 4
12.10 4 2
12.12 0 5
12.13 3 3
12.15 5 3
12.17 4 3
12.18 3 3
12.20 4 5
12.22 4 4
12.23 4 1
12.25 0 4
12.27 0 1
12.28 4 4
12.30 4 4
12.32 3 5
12.33 4 3
12.35 4 5
12.37 2 3
12.38 4 4
12.40 0 6
12.42 0 4
12.43 3 4
12.45 3 4
12.47 4 4
12.48 5 4
12.50 1 3
12.52 5 1
12.53 4 1
12.55 5 3
12.57 5 3
12.58 3 3
12.60 3 3
12.62 4 3
12.63 0 0
12.65 3 4
12.67 5 3
12.68 6 4
12.70 3 6
12.72 6 1
12.73 6 4
12.75 4 2
12.77 2 3
12.78 4 3
12.80 4 3
12.82 2 2
12.83 4 5
12.85 3 2
12.87 3 3
12.88 3 3
12.90 3 4
12.92 3 4
12.93 3 3
12.95 3 3
12.97 3 2
12.98 3 3
13.00 4 3
13.02 5 4
13.03 0 7
13.05 3 4
13.07 3 3
13.08 3 4
13.10 3 4
13.12 3 4
13.13 0 4
13.15 4 6
13.17 4 3
13.18 3 3
13.20 3 4
13.22 2 3
13.23 4 3
13.25 2 3
13.27 0 0
13.28 3 0
13.30 3 4
13.32 0 6
13.33 3 4
13.35 4 4
13.37 3 3
13.38 4 3
13.40 7 3
13.42 4 3
13.43 4 4
13.45 5 5
13.47 4 4
13.48 4 4
13.50 3 4
13.52 3 3
13.53 3 0
13.55 3 4
13.57 6 6
13.58 3 2
13.60 3 3
13.62 3 4
13.63 2 4
13.65 3 3
13.67 6 3
13.68 4 3
13.70 0 3
13.72 4 3
13.73 4 3
13.75 0 3
13.77 3 3
13.78 5 3
13.80 3 4
13.82 3 2
13.83 4 4
13.85 4 6
13.87 5 4
13.88 4 4
13.90 3 4
13.92 3 4
13.93 3 4
13.95 2 3
13.97 4 3
13.98 3 5
14.00 4 3
14.02 4 3
14.03 4 3
14.05 4 3
14.07 4 5
14.08 3 3
14.10 4 4
14.12 6 4
14.13 3 4
14.15 3 5
14.17 4 3
14.18 4 4
14.20 4 4
14.22 4 4
14.23 4 4
14.25 4 3
14.27 4 0
14.28 3 3
14.30 4 3
14.32 3 3
14.33 3 4
14.35 3 5
14.37 3 4
14.38 3 3
14.40 4 4
14.42 0 3
14.43 4 3
14.45 4 3
14.47 4 0
14.48 4 4
14.50 4 4
14.52 2 3
14.53 3 4
14.55 3 2
14.57 5 0
14.58 0 0
14.60 3 3
14.62 4 3
14.63 3 5
14.65 7 6
14.67 4 4
14.68 4 4
14.70 4 4
14.72 6 5
14.73 0 4
14.75 3 3
14.77 4 3
14.78 0 3
14.80 3 3
14.82 3 3
14.83 4 4
14.85 4 4
14.87 0 4
14.88 4 4
14.90 3 1
14.92 4 5
14.93 5 4
14.95 3 3
14.97 3 4
14.98 1 5
15.00 3 3
15.02 4 3
15.03 2 3
15.05 4 4
15.07 4 4
15.08 4 4
15.10 1 4
15.12 4 7
15.13 3 3
15.15 4 3
15.17 4 4
15.18 3 3
15.20 4 3
15.22 4 4
15.23 6 4
15.25 4 0
15.27 3 3
15.28 5 7
15.30 3 3
15.32 3 4
15.33 4 4
15.35 3 1
15.37 4 7
15.38 3 1
15.40 6 0
15.42 3 4
15.43 3 3
15.45 4 3
15.47 3 4
15.48 5 3
15.50 3 3
15.52 3 3
15.53 6 3
15.55 3 1
15.57 2 3
15.58 4 2
15.60 4 3
15.62 3 5
15.63 0 4
15.65 0 0
15.67 0 0
15.68 4 3
15.70 3 3
15.72 2 4
15.73 4 3
15.75 2 6
15.77 3 4
15.78 4 3
15.80 4 4
15.82 4 3
15.83 3 3
15.85 5 5
15.87 4 4
15.88 3 5
15.90 4 5
15.92 3 3
15.93 1 4
15.95 3 4
15.97 3 3
15.98 2 3
16.00 6 5
16.02 6 3
16.03 6 3
16.05 4 3
16.07 4 3
16.08 6 3
16.10 4 3
16.12 4 2
16.13 2 4
16.15 3 10
16.17 3 0
16.18 3 4
16.20 1 1
16.22 6 1
16.23 3 5
16.25 4 3
16.27 3 4
16.28 4 4
16.30 2 3
16.32 4 4
16.33 4 7
16.35 3 4
16.37 3 1
16.38 4 3
16.40 1 3
16.42 4 4
16.43 4 6
16.45 4 4
16.47 4 0
16.48 4 4
16.50 0 4
16.52 4 1
16.53 4 6
16.55 4 3
16.57 0 0
16.58 3 4
16.60 3 5
16.62 4 5
16.63 3 4
16.65 3 3
16.67 3 3
16.68 4 4
16.70 3 6
16.72 4 2
16.73 3 5
16.75 4 5
16.77 2 4
16.78 4 5
16.80 4 4
16.82 3 4
16.83 5 5
16.85 5 0
16.87 5 3
16.88 4 3
16.90 4 3
16.92 3 3
16.93 4 5
16.95 7 4
16.97 1 4
16.98 3 2
17.00 3 3
17.02 3 3
17.03 5 0
17.05 4 4
17.07 4 3
17.08 4 3
17.10 3 3
17.12 4 3
17.13 4 4
17.15 4 2
17.17 0 3
17.18 3 3
17.20 3 3
17.22 3 3
17.23 0 3
17.25 3 3
17.27 7 5
17.28 4 4
17.30 4 4
17.32 2 3
17.33 4 4
17.35 2 3
17.37 3 4
17.38 3 3
17.40 3 3
17.42 3 3
17.43 3 3
17.45 4 3
17.47 3 1
17.48 4 2
17.50 4 4
17.52 4 4
17.53 4 4
17.55 4 4
17.57 0 2
17.58 0 4
17.60 1 2
17.62 3 4
17.63 3 3
17.65 3 4
17.67 3 4
17.68 0 0
17.70 3 9
17.72 3 3
17.73 4 4
17.75 2 2
17.77 4 4
17.78 7 4
17.80 0 0
17.82 3 4
17.83 3 4
17.85 3 4
17.87 3 4
17.88 2 4
17.90 2 4
17.92 4 2
17.93 4 3
17.95 4 3
17.97 5 3
17.98 4 4
18.00 5 5
18.02 9 0
18.03 4 5
18.05 3 3
18.07 4 3
18.08 1 3
18.10 1 0
18.12 4 1
18.13 4 4
18.15 4 4
18.17 0 3
18.18 1 4
18.20 3 3
18.22 3 3
18.23 4 3
18.25 3 3
18.27 4 3
18.28 2 3
18.30 2 1
18.32 4 4
18.33 2 3
18.35 4 3
18.37 5 3
18.38 4 4
18.40 8 4
18.42 3 0
18.43 6 2
18.45 4 4
18.47 4 2
18.48 3 3
18.50 4 3
18.52 2 3
18.53 3 3
18.55 3 3
18.57 3 3
18.58 2 2
18.60 4 2
18.62 4 2
18.63 5 5
18.65 3 3
18.67 3 3
18.68 2 5
18.70 3 3
18.72 3 3
18.73 0 0
18.75 3 0
18.77 2 3
18.78 3 4
18.80 3 0
18.82 4 0
18.83 1 4
18.85 4 3
18.87 4 3
18.88 4 4
18.90 3 0
18.92 4 2
18.93 2 4
18.95 3 4
18.97 3 4
18.98 3 4
19.00 3 3
19.02 3 4
19.03 6 3
19.05 3 3
19.07 4 4
19.08 3 4
19.10 3 1
19.12 4 4
19.13 2 2
19.15 4 7
19.17 2 3
19.18 2 5
19.20 3 3
19.22 3 3
19.23 4 4
19.25 3 4
19.27 3 4
19.28 4 3
19.30 3 6
19.32 3 3
19.33 3 3
19.35 4 5
19.37 3 3
19.38 3 6
19.40 1 4
19.42 4 3
19.43 3 4
19.45 3 3
19.47 4 5
19.48 3 4
19.50 3 4
19.52 3 0
19.53 3 3
19.55 3 3
19.57 4 2
19.58 4 3
19.60 3 3
19.62 1 0
19.63 3 1
19.65 3 1
19.67 4 5
19.68 3 2
19.70 3 3
19.72 3 0
19.73 1 1
19.75 3 3
19.77 2 0
19.78 0 1
19.80 3 3
19.82 2 5
19.83 4 4
19.85 0 2
19.87 2 2
19.88 4 4
19.90 4 4
19.92 4 3
19.93 4 3
19.95 5 2
19.97 3 3
19.98 4 4
20.00 3 3
20.02 3 3
20.03 0 3
20.05 3 3
20.07 3 3
20.08 3 1
20.10 1 3
20.12 4 3
20.13 3 0
20.15 4 3
20.17 3 3
20.18 3 4
20.20 3 4
20.22 4 3
20.23 4 0
20.25 4 3
20.27 4 3
20.28 4 3
20.30 4 4
20.32 4 3
20.33 4 5
20.35 3 3
20.37 4 2
20.38 0 3
20.40 3 3
20.42 4 3
20.43 0 3
20.45 3 1
20.47 5 0
20.48 2 1
20.50 4 4
20.52 3 2
20.53 5 4
20.55 3 4
20.57 5 0
20.58 3 4
20.60 4 3
20.62 3 4
20.63 4 5
20.65 4 3
20.67 3 4
20.68 3 4
20.70 0 4
20.72 3 2
20.73 4 1
20.75 4 1
20.77 4 2
20.78 3 4
20.80 4 3
20.82 6 3
20.83 5 6
20.85 4 6
20.87 4 2
20.88 4 2
20.90 4 4
20.92 4 5
20.93 5 4
20.95 0 3
20.97 4 3
20.98 3 3
21.00 3 3
21.02 3 3
21.03 5 4
21.05 4 3
21.07 4 3
21.08 4 3
21.10 4 3
21.12 4 3
21.13 4 2
21.15 2 4
21.17 5 3
21.18 3 4
21.20 3 4
21.22 4 0
21.23 4 4
21.25 4 3
21.27 3 10
21.28 3 4
21.30 4 4
21.32 4 3
21.33 4 2
21.35 1 3
21.37 3 3
21.38 3 1
21.40 3 3
21.42 2 3
21.43 1 3
21.45 3 4
21.47 3 3
21.48 3 5
21.50 3 3
21.52 1 0
21.53 3 4
21.55 3 4
21.57 5 3
21.58 4 7
21.60 1 3
21.62 4 3
21.63 4 5
21.65 5 3
21.67 3 5
21.68 0 1
21.70 2 3
21.72 2 4
21.73 3 4
21.75 3 4
21.77 5 5
21.78 3 3
21.80 3 3
21.82 3 3
21.83 3 3
21.85 3 3
21.87 4 3
21.88 5 6
21.90 4 4
21.92 4 5
21.93 3 3
21.95 3 4
21.97 2 2
21.98 3 4
22.00 5 4
22.02 3 3
22.03 4 4
22.05 3 3
22.07 5 4
22.08 3 4
22.10 3 6
22.12 3 4
22.13 3 4
22.15 3 4
22.17 4 3
22.18 5 3
22.20 5 8
22.22 4 4
22.23 0 4
22.25 0 4
22.27 3 4
22.28 1 4
22.30 1 3
22.32 5 5
22.33 5 0
22.35 4 3
22.37 4 3
22.38 3 3
22.40 2 2
22.42 4 4
22.43 4 3
22.45 4 4
22.47 0 3
22.48 4 4
22.50 4 4
22.52 5 4
22.53 3 3
22.55 3 2
22.57 11 7
22.58 3 3
22.60 3 3
22.62 4 4
22.63 0 0
22.65 2 5
22.67 4 3
22.68 1 1
22.70 3 0
22.72 5 3
22.73 3 3
22.75 4 3
22.77 4 3
22.78 4 3
22.80 5 6
22.82 3 0
22.83 3 1
22.85 3 4
22.87 3 4
22.88 3 3
22.90 3 3
22.92 3 5
22.93 4 6
22.95 3 3
22.97 3 3
22.98 4 3
23.00 3 3
23.02 4 1
23.03 5 4
23.05 5 4
23.07 4 3
23.08 4 4
23.10 4 4
23.12 0 1
23.13 4 0
23.15 4 2
23.17 3 2
23.18 5 3
23.20 3 3
23.22 3 3
23.23 4 3
23.25 3 5
23.27 3 4
23.28 3 0
23.30 4 4
23.32 1 3
23.33 3 1
23.35 3 1
23.37 4 4
23.38 1 3
23.40 3 3
23.42 3 4
23.43 3 4
23.45 2 0
23.47 1 3
23.48 3 3
23.50 2 3
23.52 4 2
23.53 0 0
23.55 4 0
23.57 1 4
23.58 4 3
23.60 4 4
23.62 4 0
23.63 4 4
23.65 10 0
23.67 3 6
23.68 5 5
23.70 3 4
23.72 3 4
23.73 5 0
23.75 3 4
23.77 6 4
23.78 4 5
23.80 4 4
23.82 4 3
23.83 4 4
23.85 4 5
23.87 4 3
23.88 4 5
23.90 4 2
23.92 3 3
23.93 5 5
23.95 0 2
23.97 4 4
23.98 5 3
24.00 4 3
24.02 4 0
24.03 6 3
24.05 1 1
24.07 4 0
24.08 4 3
24.10 1 3
24.12 1 3
24.13 4 4
24.15 5 4
24.17 2 4
24.18 2 5
24.20 3 2
24.22 4 3
24.23 3 5
24.25 3 3
24.27 3 4
24.28 5 0
24.30 3 3
24.32 2 3
24.33 4 3
24.35 4 1
24.37 4 3
24.38 5 6
24.40 5 4
24.42 3 4
24.43 3 1
24.45 4 4
24.47 3 4
24.48 1 1
24.50 4 4
24.52 5 3
24.53 3 3
24.55 5 3
24.57 0 0
24.58 1 4
24.60 3 3
24.62 3 3
24.63 3 3
24.65 3 3
24.67 3 4
24.68 3 3
24.70 5 4
24.72 5 6
24.73 0 4
24.75 4 0
24.77 0 0
24.78 0 6
24.80 3 4
24.82 3 0
24.83 3 4
24.85 3 3
24.87 3 2
24.88 3 3
24.90 3 7
24.92 3 5
24.93 4 1
24.95 3 3
24.97 5 4
24.98 3 4
25.00 4 3
25.02 4 3
25.03 4 3
25.05 3 3
25.07 4 3
25.08 5 3
25.10 3 8
25.12 12 4
25.13 4 4
25.15 4 0
25.17 4 4
25.18 4 4
25.20 2 4
25.22 7 4
25.23 3 2
25.25 0 3
25.27 4 3
25.28 0 3
25.30 6 3
25.32 3 5
25.33 4 0
25.35 3 3
25.37 4 2
25.38 4 4
25.40 3 4
25.42 4 3
25.43 0 0
25.45 5 3
25.47 3 3
25.48 3 3
25.50 4 5
25.52 4 7
25.53 3 4
25.55 3 4
25.57 4 4
25.58 0 4
25.60 3 2
25.62 3 3
25.63 1 3
25.65 4 4
25.67 1 2
25.68 4 3
25.70 4 4
25.72 4 3
25.73 3 4
25.75 3 4
25.77 3 1
25.78 3 4
25.80 3 3
25.82 3 4
25.83 4 1
25.85 9 4
25.87 4 4
25.88 3 4
25.90 4 4
25.92 3 3
25.93 1 6
25.95 4 3
25.97 4 2
25.98 2 3
26.00 3 5
26.02 4 3
26.03 1 0
26.05 5 0
26.07 4 0
26.08 13 3
26.10 3 5
26.12 3 3
26.13 2 3
26.15 3 7
26.17 4 1
26.18 3 3
26.20 3 3
26.22 3 4
26.23 3 3
26.25 3 3
26.27 4 1
26.28 3 4
26.30 4 4
26.32 4 4
26.33 3 4
26.35 5 4
26.37 3 3
26.38 4 3
26.40 3 3
26.42 3 3
26.43 3 3
26.45 3 3
26.47 3 8
26.48 0 6
26.50 2 3
26.52 4 3
26.53 4 3
26.55 3 4
26.57 1 4
26.58 3 3
26.60 3 4
26.62 5 4
26.63 3 4
26.65 3 1
26.67 5 5
26.68 4 4
26.70 4 4
26.72 4 4
26.73 4 4
26.75 4 4
26.77 1 2
26.78 8 6
26.80 3 2
26.82 3 4
26.83 3 4
26.85 3 3
26.87 3 1
26.88 3 6
26.90 4 4
26.92 4 3
26.93 4 3
26.95 4 1
26.97 4 4
26.98 3 4
27.00 3 4
27.02 4 3
27.03 3 4
27.05 3 4
27.07 3 2
27.08 3 4
27.10 4 0
27.12 4 3
27.13 5 3
27.15 1 3
27.17 3 2
27.18 4 4
27.20 4 4
27.22 2 4
27.23 4 4
27.25 4 4
27.27 4 4
27.28 5 0
27.30 0 4
27.32 4 2
27.33 3 3
27.35 3 3
27.37 3 3
27.38 0 3
27.40 3 4
27.42 4 4
27.43 3 5
27.45 1 3
27.47 3 0
27.48 3 1
27.50 3 2
27.52 3 5
27.53 4 0
27.55 1 4
27.57 3 4
27.58 4 1
27.60 7 4
27.62 4 2
27.63 0 3
27.65 4 4
27.67 4 4
27.68 1 1
27.70 3 3
27.72 6 0
27.73 3 3
27.75 2 3
27.77 3 2
27.78 3 3
27.80 0 4
27.82 1 2
27.83 3 4
27.85 4 4
27.87 3 3
27.88 3 4
27.90 3 3
27.92 5 4
27.93 4 3
27.95 4 3
27.97 5 3
27.98 2 3
28.00 4 3
28.02 4 3
28.03 5 3
28.05 4 3
28.07 5 0
28.08 4 0
28.10 3 3
28.12 4 4
28.13 4 4
28.15 3 3
28.17 3 3
28.18 4 0
28.20 3 3
28.22 4 3
28.23 3 4
28.25 3 4
28.27 3 4
28.28 3 4
28.30 3 3
28.32 4 3
28.33 4 3
28.35 3 9
28.37 3 4
28.38 4 4
28.40 2 5
28.42 0 4
28.43 0 4
28.45 3 4
28.47 3 3
28.48 3 5
28.50 3 1
28.52 4 3
28.53 6 5
28.55 4 3
28.57 5 3
28.58 3 4
28.60 4 4
28.62 4 3
28.63 3 0
28.65 2 2
28.67 1 3
28.68 1 0
28.70 3 3
28.72 3 3
28.73 3 4
28.75 3 4
28.77 4 3
28.78 4 5
28.80 4 3
28.82 4 3
28.83 6 5
28.85 0 5
28.87 3 4
28.88 5 5
28.90 1 3
28.92 3 3
28.93 3 3
28.95 0 4
28.97 4 4
28.98 2 2
29.00 4 3
29.02 3 3
29.03 1 2
29.05 2 4
29.07 4 4
29.08 3 4
29.10 3 3
29.12 4 4
29.13 4 3
29.15 6 4
29.17 1 0
29.18 4 0
29.20 3 2
29.22 0 0
29.23 4 1
29.25 3 3
29.27 2 1
29.28 0 4
29.30 0 1
29.32 4 0
29.33 5 4
29.35 3 0
29.37 3 4
29.38 4 4
29.40 5 2
29.42 2 3
29.43 1 4
29.45 3 3
29.47 5 3
29.48 3 3
29.50 2 0
29.52 2 3
29.53 3 3
29.55 4 3
29.57 4 3
29.58 3 0
29.60 0 1
29.62 2 5
29.63 3 4
29.65 3 0
29.67 5 4
29.68 3 4
29.70 0 3
29.72 2 3
29.73 4 3
29.75 7 0
29.77 3 3
29.78 2 3
29.80 5 0
29.82 4 4
29.83 6 4
29.85 4 5
29.87 4 0
29.88 3 0
29.90 1 6
29.92 5 9
29.93 3 0
29.95 3 0
29.97 3 3
29.98 4 6
30.00 5 5
30.02 5 3
30.03 2 4
30.05 3 3
30.07 3 3
30.08 4 4
30.10 6 3
30.12 3 3
30.13 3 3
30.15 2 4
30.17 3 4
30.18 3 4
30.20 4 3
30.22 1 4
30.23 3 3
30.25 3 3
30.27 3 4
30.28 4 3
30.30 3 4
30.32 3 4
30.33 3 0
30.35 0 0
30.37 5 4
30.38 4 4
30.40 5 4
30.42 0 1
30.43 1 3
30.45 4 4
30.47 3 3
30.48 3 6
30.50 4 3
30.52 4 3
30.53 3 4
30.55 4 3
30.57 3 3
30.58 3 3
30.60 3 3
30.62 5 6
30.63 0 6
30.65 4 3
30.67 4 4
30.68 4 3
30.70 6 4
30.72 4 3
30.73 6 5
30.75 4 7
30.77 3 4
30.78 3 2
30.80 3 3
30.82 3 3
30.83 3 3
30.85 4 4
30.87 5 3
30.88 4 4
30.90 3 3
30.92 4 3
30.93 2 0
30.95 4 6
30.97 4 4
30.98 3 4
31.00 3 4
31.02 3 4
31.03 4 3
31.05 0 3
31.07 0 8
31.08 4 4
31.10 3 3
31.12 4 4
31.13 3 4
31.15 0 3
31.17 4 4
31.18 3 3
31.20 3 3
31.22 11 3
31.23 0 4
31.25 7 4
31.27 0 0
31.28 0 0
31.30 3 3
31.32 3 4
31.33 3 4
31.35 0 3
31.37 7 4
31.38 9 0
31.40 0 5
31.42 3 4
31.43 3 4
31.45 6 4
31.47 3 1
31.48 0 3
31.50 2 4
31.52 4 4
31.53 4 4
31.55 5 5
31.57 4 5
31.58 3 3
31.60 4 3
31.62 3 3
31.63 3 0
31.65 3 11
31.67 3 1
31.68 0 4
31.70 4 3
31.72 4 3
31.73 4 4
31.75 6 3
31.77 3 3
31.78 5 3
31.80 6 3
31.82 4 3
31.83 4 3
31.85 4 3
31.87 4 5
31.88 3 3
31.90 4 2
31.92 4 4
31.93 4 4
31.95 0 5
31.97 3 6
31.98 1 1
32.00 5 5
32.02 0 2
32.03 0 4
32.05 6 4
32.07 3 4
32.08 5 4
32.10 2 2
32.12 3 3
32.13 6 3
32.15 4 3
32.17 0 2
32.18 0 4
32.20 3 3
32.22 3 2
32.23 3 3
32.25 3 3
32.27 4 3
32.28 3 1
32.30 3 0
32.32 4 4
32.33 4 4
32.35 4 6
32.37 6 4
32.38 3 3
32.40 4 4
32.42 4 4
32.43 4 3
32.45 4 3
32.47 4 4
32.48 3 1
32.50 3 6
32.52 2 4
32.53 3 3
32.55 3 3
32.57 4 4
32.58 4 3
32.60 2 3
32.62 4 3
32.63 3 3
32.65 3 3
32.67 4 4
32.68 4 4
32.70 3 4
32.72 3 3
32.73 3 3
32.75 4 4
32.77 4 3
32.78 4 4
32.80 3 4
32.82 3 2
32.83 4 4
32.85 4 3
32.87 5 0
32.88 4 3
32.90 4 3
32.92 4 3
32.93 8 0
32.95 1 3
32.97 1 3
32.98 4 3
33.00 3 1
33.02 3 3
33.03 0 4
33.05 2 6
33.07 3 4
33.08 3 6
33.10 6 3
33.12 3 3
33.13 3 1
33.15 4 2
33.17 4 3
33.18 5 5
33.20 0 0
33.22 3 3
33.23 3 7
33.25 3 4
33.27 3 4
33.28 4 5
33.30 4 4
33.32 4 4
33.33 4 2
33.35 3 4
33.37 3 3
33.38 3 3
33.40 4 0
33.42 3 3
33.43 3 3
33.45 2 3
33.47 4 4
33.48 3 0
33.50 4 3
33.52 4 4
33.53 3 4
33.55 4 4
33.57 4 4
33.58 4 3
33.60 4 6
33.62 3 3
33.63 4 3
33.65 4 4
33.67 3 4
33.68 3 4
33.70 3 4
33.72 3 4
33.73 3 3
33.75 3 4
33.77 3 2
33.78 3 5
33.80 3 5
33.82 4 4
33.83 3 3
33.85 1 3
33.87 5 3
33.88 5 6
33.90 2 4
33.92 3 3
33.93 4 3
33.95 0 3
33.97 0 5
33.98 4 5
34.00 3 6
34.02 3 0
34.03 3 4
34.05 4 4
34.07 0 3
34.08 0 0
34.10 4 3
34.12 3 3
34.13 4 4
34.15 5 5
34.17 4 2
34.18 3 3
34.20 0 3
34.22 5 3
34.23 3 3
34.25 1 3
34.27 4 4
34.28 4 4
34.30 3 4
34.32 4 4
34.33 4 4
34.35 3 4
34.37 1 0
34.38 4 3
34.40 3 5
34.42 0 3
34.43 3 3
34.45 3 3
34.47 3 6
34.48 5 5
34.50 4 2
34.52 4 4
34.53 2 4
34.55 6 3
34.57 0 3
34.58 4 3
34.60 0 4
34.62 3 4
34.63 2 4
34.65 4 0
34.67 0 1
34.68 1 5
34.70 4 0
34.72 4 1
34.73 4 3
34.75 4 5
34.77 3 3
34.78 3 3
34.80 4 6
34.82 4 4
34.83 0 0
34.85 3 6
34.87 3 2
34.88 4 3
34.90 4 0
34.92 3 0
34.93 0 3
34.95 3 4
34.97 3 4
34.98 4 0
35.00 4 3
35.02 9 4
35.03 3 3
35.05 3 4
35.07 3 0
35.08 3 4
35.10 6 2
35.12 4 5
35.13 1 5
35.15 3 5
35.17 4 3
35.18 3 9
35.20 2 4
35.22 1 4
35.23 3 3
35.25 3 3
35.27 3 7
35.28 3 4
35.30 3 3
35.32 3 6
35.33 0 4
35.35 2 4
35.37 4 3
35.38 0 4
35.40 6 0
35.42 5 2
35.43 2 10
35.45 3 6
35.47 3 0
35.48 3 4
35.50 3 4
35.52 3 3
35.53 4 5
35.55 2 3
35.57 0 4
35.58 4 3
35.60 3 4
35.62 3 7
35.63 4 4
35.65 4 4
35.67 3 4
35.68 2 4
35.70 3 3
35.72 6 3
35.73 3 5
35.75 2 3
35.77 5 5
35.78 3 2
35.80 3 2
35.82 2 4
35.83 0 3
35.85 5 3
35.87 3 3
35.88 3 3
35.90 3 3
35.92 3 5
35.93 4 2
35.95 4 4
35.97 4 2
35.98 4 4
36.00 5 4
36.02 5 3
36.03 0 0
36.05 3 0
36.07 5 5
36.08 0 3
36.10 4 4
36.12 3 3
36.13 4 3
36.15 4 4
36.17 3 4
36.18 3 3
36.20 4 4
36.22 3 3
36.23 2 3
36.25 4 6
36.27 4 4
36.28 4 4
36.30 4 4
36.32 3 3
36.33 4 4
36.35 4 5
36.37 4 3
36.38 4 4
36.40 4 3
36.42 4 1
36.43 4 4
36.45 3 3
36.47 4 0
36.48 3 3
36.50 3 3
36.52 3 3
36.53 2 4
36.55 3 3
36.57 4 3
36.58 5 4
36.60 4 3
36.62 4 3
36.63 0 3
36.65 3 4
36.67 2 3
36.68 5 3
36.70 3 4
36.72 3 0
36.73 3 2
36.75 3 3
36.77 3 2
36.78 4 3
36.80 3 4
36.82 5 4
36.83 3 4
36.85 3 3
36.87 3 3
36.88 3 3
36.90 4 3
36.92 4 4
36.93 4 4
36.95 4 3
36.97 2 0
36.98 4 2
37.00 3 4
37.02 4 5
37.03 3 3
37.05 3 8
37.07 6 6
37.08 1 14
37.10 1 1
37.12 2 5
37.13 3 4
37.15 4 3
37.17 4 9
37.18 2 0
37.20 1 3
37.22 1 3
37.23 1 3
37.25 7 1
37.27 3 3
37.28 2 3
37.30 11 3
37.32 4 4
37.33 3 4
37.35 4 3
37.37 4 0
37.38 4 3
37.40 6 3
37.42 4 4
37.43 4 2
37.45 3 4
37.47 2 3
37.48 4 3
37.50 2 2
37.52 4 5
37.53 3 6
37.55 0 3
37.57 2 3
37.58 2 4
37.60 3 4
37.62 6 4
37.63 5 8
37.65 4 4
37.67 4 3
37.68 2 4
37.70 4 4
37.72 6 4
37.73 4 4
37.75 3 3
37.77 0 3
37.78 4 4
37.80 4 5
37.82 3 3
37.83 2 3
37.85 5 3
37.87 0 0
37.88 3 3
37.90 3 3
37.92 3 4
37.93 4 4
37.95 4 3
37.97 5 3
37.98 3 0
38.00 2 0
38.02 3 3
38.03 5 3
38.05 3 1
38.07 3 4
38.08 3 4
38.10 3 4
38.12 3 4
38.13 0 3
38.15 4 5
38.17 3 0
38.18 4 1
38.20 3 3
38.22 1 3
38.23 3 3
38.25 3 4
38.27 4 4
38.28 4 1
38.30 3 3
38.32 0 4
38.33 5 4
38.35 6 4
38.37 3 5
38.38 8 5
38.40 3 3
38.42 4 2
38.43 4 3
38.45 1 0
38.47 4 0
38.48 4 3
38.50 3 5
38.52 4 3
38.53 4 3
38.55 4 0
38.57 4 3
38.58 1 0
38.60 4 3
38.62 0 1
38.63 4 5
38.65 4 3
38.67 4 3
38.68 4 3
38.70 4 3
38.72 4 3
38.73 4 3
38.75 5 7
38.77 5 4
38.78 1 5
38.80 3 4
38.82 3 4
38.83 3 3
38.85 3 4
38.87 2 3
38.88 4 4
38.90 4 4
38.92 4 3
38.93 4 4
38.95 4 4
38.97 4 4
38.98 3 6
39.00 2 2
39.02 4 3
39.03 4 2
39.05 4 5
39.07 4 5
39.08 0 0
39.10 4 5
39.12 4 3
39.13 1 3
39.15 3 3
39.17 3 3
39.18 2 5
39.20 7 5
39.22 3 3
39.23 3 4
39.25 3 4
39.27 3 4
39.28 4 0
39.30 4 7
39.32 3 3
39.33 2 3
39.35 4 0
39.37 4 3
39.38 3 4
39.40 0 5
39.42 4 3
39.43 3 3
39.45 4 0
39.47 3 3
39.48 0 1
39.50 7 7
39.52 3 5
39.53 3 3
39.55 3 4
39.57 4 4
39.58 4 4
39.60 5 6
39.62 10 13
39.63 0 3
39.65 3 3
39.67 4 3
39.68 5 4
39.70 5 3
39.72 2 3
39.73 3 3
39.75 3 4
39.77 4 0
39.78 5 0
39.80 4 2
39.82 3 1
39.83 3 4
39.85 2 4
39.87 2 4
39.88 6 10
39.90 0 3
39.92 1 0
39.93 2 2
39.95 2 3
39.97 0 3
39.98 3 0
40.00 0 1
40.02 0 1
40.03 4 3
40.05 2 3
40.07 4 4
40.08 4 0
40.10 4 6
40.12 5 4
40.13 5 7
40.15 3 3
40.17 3 3
40.18 1 3
40.20 3 3
40.22 1 4
40.23 4 4
40.25 3 0
40.27 3 3
40.28 3 3
40.30 3 4
40.32 3 1
40.33 4 3
40.35 4 4
40.37 4 3
40.38 3 4
40.40 4 3
40.42 4 3
40.43 5 3
40.45 4 4
40.47 3 4
40.48 3 2
40.50 3 4
40.52 5 3
40.53 3 3
40.55 2 4
40.57 3 4
40.58 4 3
40.60 3 3
40.62 5 0
40.63 5 3
40.65 4 3
40.67 4 3
40.68 4 3
40.70 4 3
40.72 4 3
40.73 3 3
40.75 3 1
40.77 3 4
40.78 3 4
40.80 3 4
40.82 4 4
40.83 3 4
40.85 4 0
40.87 5 3
40.88 4 3
40.90 3 3
40.92 3 4
40.93 5 3
40.95 4 2
40.97 4 4
40.98 4 4
41.00 5 5
41.02 4 6
41.03 4 3
41.05 3 4
41.07 6 3
41.08 3 3
41.10 3 3
41.12 3 3
41.13 3 3
41.15 5 2
41.17 1 4
41.18 0 3
41.20 2 3
41.22 4 4
41.23 4 4
41.25 4 4
41.27 3 2
41.28 3 0
41.30 3 4
41.32 4 4
41.33 3 3
41.35 2 4
41.37 3 3
41.38 4 2
41.40 4 3
41.42 4 3
41.43 0 0
41.45 2 2
41.47 3 4
41.48 5 5
41.50 3 4
41.52 3 4
41.53 3 4
41.55 3 4
41.57 4 4
41.58 4 3
41.60 4 4
41.62 3 3
41.63 0 3
41.65 4 0
41.67 4 4
41.68 4 3
41.70 3 3
41.72 1 3
41.73 4 3
41.75 4 3
41.77 4 3
41.78 6 5
41.80 4 2
41.82 4 5
41.83 4 4
41.85 2 3
41.87 0 3
41.88 5 3
41.90 4 3
41.92 0 0
41.93 4 3
41.95 4 1
41.97 3 3
41.98 3 3
42.00 3 3
42.02 4 5
42.03 3 1
42.05 4 3
42.07 4 3
42.08 8 4
42.10 3 4
42.12 3 5
42.13 3 3
42.15 3 0
42.17 3 1
42.18 4 3
42.20 3 3
42.22 4 3
42.23 0 3
42.25 3 1
42.27 3 6
42.28 3 4
42.30 4 4
42.32 4 2
42.33 4 3
42.35 3 3
42.37 4 3
42.38 0 3
42.40 3 4
42.42 4 4
42.43 4 5
42.45 3 4
42.47 2 3
42.48 3 3
42.50 0 2
42.52 5 4
42.53 0 4
42.55 4 3
42.57 4 4
42.58 4 3
42.60 4 3
42.62 4 3
42.63 1 0
42.65 3 4
42.67 3 3
42.68 3 3
42.70 3 3
42.72 3 5
42.73 2 5
42.75 3 3
42.77 3 2
42.78 3 4
42.80 3 3
42.82 3 3
42.83 4 1
42.85 3 7
42.87 6 3
42.88 13 1
42.90 0 0
42.92 3 4
42.93 5 2
42.95 5 2
42.97 4 3
42.98 3 3
43.00 4 4
43.02 4 4
43.03 4 4
43.05 6 4
43.07 4 0
43.08 2 3
43.10 3 4
43.12 3 3
43.13 3 3
43.15 3 3
43.17 2 6
43.18 7 3
43.20 4 1
43.22 6 3
43.23 9 7
43.25 4 1
43.27 0 7
43.28 4 10
43.30 3 4
43.32 3 3
43.33 3 5
43.35 3 3
43.37 3 4
43.38 4 3
43.40 4 5
43.42 4 4
43.43 3 4
43.45 4 5
43.47 6 6
43.48 2 3
43.50 3 3
43.52 3 3
43.53 1 3
43.55 3 3
43.57 0 2
43.58 3 4
43.60 3 4
43.62 4 4
43.63 3 4
43.65 4 4
43.67 4 5
43.68 1 4
43.70 4 4
43.72 3 4
43.73 3 3
43.75 4 3
43.77 3 0
43.78 0 4
43.80 2 2
43.82 6 4
43.83 5 6
43.85 4 3
43.87 4 3
43.88 5 4
43.90 4 4
43.92 3 3
43.93 3 3
43.95 3 3
43.97 3 1
43.98 5 5
44.00 0 5
44.02 3 3
44.03 3 3
44.05 3 3
44.07 3 3
44.08 6 4
44.10 3 1
44.12 4 3
44.13 4 3
44.15 4 5
44.17 4 3
44.18 4 3
44.20 3 5
44.22 3 3
44.23 3 3
44.25 4 4
44.27 4 3
44.28 2 4
44.30 4 2
44.32 5 0
44.33 3 4
44.35 3 3
44.37 3 4
44.38 3 3
44.40 3 1
44.42 3 1
44.43 7 4
44.45 3 3
44.47 3 4
44.48 3 4
44.50 3 4
44.52 3 4
44.53 9 0
44.55 4 4
44.57 4 3
44.58 4 3
44.60 0 4
44.62 3 3
44.63 2 3
44.65 3 3
44.67 3 3
44.68 3 3
44.70 4 4
44.72 3 3
44.73 3 4
44.75 1 4
44.77 3 4
44.78 3 2
44.80 3 3
44.82 2 5
44.83 3 4
44.85 3 8
44.87 1 4
44.88 3 4
44.90 3 4
44.92 6 4
44.93 4 2
44.95 4 4
44.97 3 3
44.98 2 3
45.00 3 3
45.02 3 3
45.03 2 2
45.05 1 3
45.07 7 4
45.08 3 4
45.10 3 4
45.12 1 6
45.13 4 4
45.15 3 3
45.17 6 3
45.18 4 2
45.20 3 4
45.22 2 5
45.23 3 6
45.25 4 5
45.27 1 4
45.28 3 1
45.30 3 3
45.32 2 3
45.33 4 0
45.35 3 3
45.37 4 3
45.38 4 3
45.40 4 3
45.42 3 3
45.43 3 0
45.45 3 3
45.47 3 4
45.48 4 2
45.50 4 3
45.52 3 2
45.53 4 4
45.55 1 1
45.57 5 2
45.58 1 4
45.60 4 3
45.62 3 3
45.63 3 0
45.65 4 3
45.67 4 3
45.68 0 3
45.70 4 4
45.72 4 2
45.73 4 4
45.75 4 0
45.77 0 0
45.78 4 4
45.80 4 4
45.82 3 4
45.83 0 8
45.85 4 4
45.87 4 5
45.88 4 3
45.90 6 6
45.92 3 3
45.93 3 3
45.95 4 4
45.97 3 5
45.98 2 3
46.00 4 3
46.02 4 1
46.03 3 4
46.05 3 4
46.07 2 2
46.08 4 4
46.10 4 4
46.12 8 7
46.13 3 3
46.15 4 3
46.17 4 3
46.18 3 3
46.20 3 3
46.22 5 5
46.23 3 4
46.25 3 4
46.27 3 2
46.28 3 2
46.30 2 3
46.32 4 4
46.33 3 4
46.35 3 2
46.37 4 3
46.38 2 5
46.40 3 3
46.42 0 0
46.43 3 3
46.45 3 3
46.47 3 4
46.48 3 3
46.50 3 4
46.52 4 3
46.53 8 5
46.55 4 3
46.57 4 3
46.58 3 3
46.60 3 4
46.62 3 4
46.63 2 3
46.65 3 4
46.67 4 4
46.68 4 6
46.70 4 4
46.72 4 4
46.73 4 4
46.75 4 4
46.77 3 1
46.78 3 4
46.80 5 0
46.82 0 2
46.83 4 4
46.85 4 0
46.87 4 0
46.88 6 5
46.90 4 3
46.92 4 5
46.93 4 4
46.95 4 5
46.97 3 2
46.98 3 1
47.00 3 3
47.02 3 3
47.03 1 2
47.05 3 4
47.07 4 0
47.08 3 2
47.10 4 0
47.12 1 4
47.13 3 4
47.15 4 4
47.17 4 4
47.18 7 0
47.20 4 4
47.22 4 3
47.23 4 4
47.25 3 3
47.27 1 4
47.28 3 3
47.30 3 4
47.32 3 3
47.33 3 0
47.35 3 3
47.37 1 3
47.38 0 4
47.40 3 4
47.42 3 3
47.43 4 3
47.45 3 3
47.47 4 0
47.48 2 3
47.50 2 3
47.52 3 3
47.53 3 4
47.55 3 3
47.57 5 4
47.58 4 0
47.60 4 3
47.62 9 1
47.63 3 3
47.65 4 3
47.67 3 3
47.68 3 4
47.70 0 0
47.72 2 3
47.73 0 3
47.75 4 0
47.77 6 4
47.78 4 3
47.80 6 4
47.82 4 3
47.83 3 4
47.85 4 4
47.87 5 0
47.88 3 0
47.90 4 5
47.92 4 2
47.93 3 3
47.95 4 4
47.97 4 3
47.98 4 1
48.00 7 3
48.02 3 4
48.03 3 3
48.05 3 3
48.07 3 4
48.08 3 1
48.10 3 3
48.12 4 0
48.13 4 3
48.15 3 4
48.17 4 4
48.18 4 4
48.20 0 4
48.22 4 6
48.23 3 5
48.25 3 3
48.27 3 3
48.28 4 3
48.30 3 3
48.32 4 5
48.33 3 3
48.35 3 3
48.37 3 3
48.38 3 3
48.40 3 0
48.42 4 4
48.43 4 3
48.45 3 4
48.47 3 3
48.48 2 1
48.50 4 4
48.52 5 3
48.53 4 0
48.55 3 1
48.57 4 3
48.58 3 3
48.60 3 3
48.62 3 3
48.63 4 1
48.65 7 4
48.67 4 3
48.68 4 6
48.70 3 3
48.72 3 0
48.73 5 0
48.75 0 13
48.77 0 3
48.78 3 3
48.80 3 3
48.82 4 3
48.83 0 3
48.85 3 5
48.87 3 4
48.88 3 4
48.90 3 4
48.92 3 5
48.93 4 4
48.95 4 3
48.97 4 4
48.98 3 4
49.00 3 3
49.02 0 3
49.03 3 3
49.05 4 1
49.07 6 1
49.08 4 4
49.10 4 4
49.12 4 0
49.13 1 3
49.15 3 0
49.17 5 0
49.18 3 4
49.20 4 4
49.22 3 4
49.23 3 4
49.25 4 4
49.27 0 2
49.28 8 3
49.30 3 3
49.32 4 3
49.33 3 3
49.35 4 3
49.37 3 3
49.38 3 5
49.40 4 3
49.42 4 3
49.43 5 3
49.45 3 3
49.47 4 5
49.48 3 2
49.50 4 4
49.52 4 4
49.53 5 4
49.55 3 5
49.57 4 4
49.58 5 4
49.60 4 2
49.62 4 6
49.63 3 1
49.65 3 3
49.67 4 4
49.68 4 0
49.70 3 4
49.72 4 4
49.73 1 4
49.75 4 6
49.77 3 3
49.78 1 1
49.80 4 4
49.82 3 3
49.83 1 6
49.85 4 3
49.87 3 2
49.88 3 3
49.90 4 4
49.92 2 2
49.93 4 3
49.95 4 0
49.97 4 3
49.98 3 3
50.00 3 4
50.02 3 4
50.03 3 5
50.05 4 3
50.07 3 3
50.08 2 4
50.10 4 5
50.12 3 5
50.13 2 4
50.15 3 3
50.17 3 3
50.18 3 2
50.20 5 4
50.22 5 3
50.23 3 4
50.25 4 4
50.27 4 4
50.28 4 4
50.30 4 4
50.32 3 5
50.33 4 4
50.35 3 3
50.37 0 4
50.38 4 5
50.40 3 3
50.42 4 4
50.43 4 4
50.45 4 3
50.47 3 3
50.48 4 4
50.50 4 3
50.52 3 4
50.53 0 4
50.55 3 6
50.57 5 2
50.58 3 4
50.60 4 3
50.62 4 4
50.63 4 4
50.65 3 3
50.67 3 0
50.68 3 4
50.70 0 3
50.72 0 0
50.73 4 3
50.75 6 3
50.77 3 5
50.78 4 6
50.80 3 3
50.82 3 4
50.83 3 4
50.85 2 5
50.87 4 3
50.88 0 1
50.90 4 2
50.92 4 4
50.93 4 4
50.95 5 5
50.97 4 5
50.98 4 3
51.00 4 3
51.02 4 3
51.03 4 4
51.05 3 5
51.07 4 5
51.08 4 3
51.10 3 0
51.12 4 3
51.13 4 3
51.15 4 3
51.17 5 1
51.18 3 5
51.20 4 3
51.22 3 2
51.23 3 2
51.25 3 3
51.27 0 4
51.28 2 0
51.30 5 0
51.32 4 3
51.33 4 3
51.35 4 3
51.37 3 1
51.38 4 4
51.40 4 6
51.42 4 0
51.43 4 4
51.45 4 3
51.47 4 3
51.48 3 0
51.50 4 5
51.52 6 1
51.53 3 3
51.55 3 4
51.57 1 2
51.58 3 2
51.60 0 0
51.62 0 4
51.63 3 3
51.65 3 2
51.67 1 3
51.68 7 4
51.70 5 1
51.72 3 3
51.73 6 3
51.75 4 4
51.77 4 4
51.78 4 4
51.80 3 0
51.82 2 5
51.83 4 26
51.85 3 2
51.87 3 3
51.88 3 3
51.90 4 4
51.92 3 0
51.93 4 4
51.95 4 2
51.97 8 1
51.98 5 4
52.00 3 3
52.02 4 3
52.03 5 3
52.05 4 3
52.07 4 4
52.08 4 5
52.10 4 4
52.12 3 2
52.13 3 4
52.15 3 2
52.17 1 3
52.18 11 6
52.20 4 5
52.22 4 3
52.23 4 4
52.25 4 3
52.27 2 1
52.28 1 4
52.30 4 2
52.32 4 3
52.33 4 4
52.35 4 1
52.37 4 3
52.38 4 3
52.40 3 6
52.42 3 4
52.43 3 4
52.45 3 4
52.47 6 0
52.48 0 5
52.50 4 4
52.52 4 3
52.53 14 2
52.55 3 9
52.57 3 4
52.58 3 3
52.60 3 1
52.62 10 0
52.63 0 4
52.65 2 4
52.67 3 3
52.68 3 0
52.70 0 0
52.72 4 7
52.73 3 3
52.75 3 4
52.77 3 4
52.78 3 4
52.80 3 3
52.82 7 4
52.83 2 3
52.85 2 4
52.87 4 0
52.88 4 4
52.90 4 3
52.92 5 5
52.93 3 4
52.95 7 3
52.97 3 4
52.98 3 4
53.00 3 0
53.02 0 4
53.03 6 4
53.05 4 3
53.07 4 3
53.08 2 3
53.10 3 3
53.12 3 3
53.13 4 5
53.15 3 4
53.17 4 4
53.18 4 4
53.20 4 5
53.22 4 4
53.23 4 4
53.25 4 4
53.27 3 1
53.28 3 3
53.30 3 3
53.32 3 3
53.33 4 3
53.35 3 6
53.37 4 4
53.38 3 4
53.40 3 4
53.42 3 6
53.43 4 4
53.45 3 2
53.47 4 7
53.48 1 3
53.50 4 4
53.52 4 1
53.53 0 0
53.55 4 0
53.57 1 2
53.58 5 5
53.60 0 3
53.62 0 0
53.63 3 3
53.65 5 6
53.67 4 4
53.68 4 3
53.70 4 2
53.72 1 3
53.73 1 0
53.75 3 2
53.77 5 1
53.78 3 1
53.80 3 4
53.82 3 3
53.83 2 6
53.85 1 3
53.87 4 4
53.88 3 4
53.90 5 4
53.92 1 3
53.93 3 0
53.95 1 3
53.97 3 4
53.98 1 2
54.00 3 4
54.02 6 3
54.03 3 3
54.05 3 5
54.07 5 3
54.08 3 1
54.10 3 3
54.12 3 4
54.13 4 5
54.15 4 6
54.17 4 3
54.18 2 4
54.20 1 2
54.22 4 3
54.23 0 4
54.25 3 0
54.27 3 0
54.28 5 3
54.30 0 3
54.32 3 4
54.33 3 3
54.35 3 4
54.37 3 4
54.38 3 1
54.40 3 4
54.42 4 3
54.43 4 3
54.45 5 5
54.47 4 3
54.48 6 4
54.50 0 2
54.52 6 4
54.53 2 4
54.55 3 6
54.57 4 6
54.58 0 7
54.60 0 2
54.62 3 5
54.63 3 3
54.65 4 6
54.67 3 5
54.68 3 4
54.70 5 6
54.72 3 5
54.73 3 5
54.75 4 4
54.77 4 2
54.78 3 4
54.80 5 0
54.82 4 3
54.83 4 4
54.85 4 4
54.87 3 4
54.88 3 0
54.90 4 4
54.92 4 3
54.93 3 2
54.95 3 3
54.97 0 1
54.98 3 5
55.00 4 3
55.02 4 5
55.03 5 6
55.05 3 3
55.07 4 3
55.08 4 2
55.10 4 3
55.12 4 3
55.13 2 1
55.15 4 4
55.17 3 4
55.18 2 4
55.20 3 4
55.22 7 6
55.23 5 6
55.25 4 3
55.27 4 3
55.28 4 3
55.30 4 3
55.32 4 4
55.33 0 4
55.35 3 5
55.37 3 5
55.38 3 3
55.40 3 5
55.42 3 5
55.43 4 3
55.45 2 4
55.47 3 7
55.48 3 3
55.50 0 0
55.52 2 5
55.53 3 3
55.55 2 3
55.57 3 8
55.58 3 6
55.60 3 0
55.62 3 4
55.63 3 4
55.65 6 8
55.67 4 3
55.68 0 3
55.70 3 2
55.72 3 3
55.73 2 4
55.75 1 3
55.77 0 3
55.78 4 3
55.80 4 3
55.82 5 3
55.83 4 3
55.85 4 4
55.87 4 4
55.88 2 1
55.90 4 3
55.92 3 4
55.93 4 3
55.95 4 4
55.97 4 0
55.98 4 1
56.00 4 4
56.02 5 3
56.03 3 3
56.05 3 3
56.07 3 3
56.08 0 2
56.10 3 1
56.12 2 4
56.13 3 3
56.15 2 3
56.17 3 3
56.18 4 4
56.20 0 0
56.22 4 5
56.23 4 4
56.25 4 4
56.27 4 4
56.28 4 5
56.30 4 2
56.32 3 4
56.33 4 4
56.35 4 3
56.37 4 4
56.38 4 4
56.40 4 4
56.42 3 6
56.43 3 4
56.45 3 3
56.47 3 3
56.48 3 3
56.50 3 3
56.52 2 4
56.53 0 0
56.55 1 3
56.57 4 3
56.58 4 4
56.60 3 0
56.62 3 4
56.63 3 4
56.65 4 3
56.67 3 4
56.68 5 4
56.70 5 1
56.72 4 3
56.73 4 3
56.75 4 3
56.77 3 2
56.78 4 4
56.80 3 5
56.82 2 4
56.83 2 1
56.85 4 3
56.87 4 4
56.88 3 3
56.90 6 4
56.92 4 1
56.93 4 4
56.95 4 6
56.97 0 6
56.98 4 4
57.00 4 4
57.02 0 3
57.03 6 5
57.05 3 4
57.07 3 4
57.08 2 4
57.10 4 1
57.12 4 3
57.13 2 5
57.15 3 3
57.17 4 3
57.18 4 3
57.20 4 3
57.22 3 5
57.23 4 1
57.25 3 4
57.27 3 4
57.28 3 4
57.30 3 4
57.32 3 0
57.33 3 6
57.35 5 2
57.37 3 4
57.38 3 3
57.40 3 3
57.42 3 4
57.43 0 0
57.45 15 5
57.47 3 0
57.48 3 3
57.50 4 1
57.52 3 3
57.53 0 2
57.55 3 5
57.57 4 4
57.58 0 4
57.60 4 4
57.62 3 3
57.63 3 3
57.65 5 3
57.67 3 4
57.68 0 4
57.70 3 3
57.72 3 4
57.73 3 4
57.75 4 5
57.77 4 2
57.78 4 4
57.80 4 4
57.82 4 4
57.83 4 3
57.85 6 4
57.87 4 4
57.88 6 7
57.90 3 3
57.92 3 3
57.93 3 3
57.95 3 1
57.97 4 3
57.98 4 3
58.00 3 4
58.02 3 2
58.03 1 3
58.05 3 3
58.07 1 5
58.08 3 5
58.10 3 3
58.12 3 5
58.13 3 2
58.15 3 0
58.17 3 5
58.18 3 4
58.20 4 4
58.22 4 4
58.23 4 3
58.25 4 4
58.27 0 3
58.28 3 4
58.30 4 3
58.32 3 3
58.33 3 3
58.35 3 0
58.37 3 3
58.38 3 0
58.40 9 4
58.42 4 3
58.43 4 3
58.45 4 3
58.47 4 5
58.48 4 6
58.50 3 4
58.52 0 0
58.53 3 4
58.55 3 5
58.57 2 3
58.58 3 2
58.60 4 3
58.62 4 3
58.63 4 3
58.65 6 1
58.67 6 3
58.68 6 4
58.70 5 4
58.72 3 4
58.73 5 4
58.75 3 6
58.77 3 3
58.78 3 3
58.80 2 2
58.82 3 4
58.83 4 3
58.85 4 3
58.87 5 3
58.88 4 5
58.90 4 3
58.92 4 3
58.93 4 4
58.95 3 3
58.97 3 4
58.98 3 3
59.00 4 3
59.02 6 1
59.03 3 3
59.05 4 3
59.07 0 3
59.08 5 4
59.10 4 0
59.12 1 0
59.13 7 3
59.15 4 4
59.17 4 2
59.18 4 4
59.20 3 4
59.22 4 3
59.23 5 4
59.25 3 3
59.27 3 4
59.28 0 5
59.30 0 0
59.32 3 2
59.33 5 4
59.35 5 5
59.37 4 3
59.38 4 3
59.40 0 0
59.42 3 2
59.43 3 4
59.45 3 7
59.47 3 4
59.48 3 4
59.50 4 5
59.52 4 4
59.53 4 4
59.55 5 4
59.57 3 2
59.58 4 5
59.60 3 4
59.62 4 3
59.63 4 4
59.65 4 5
59.67 5 4
59.68 4 4
59.70 2 4
59.72 0 3
59.73 1 4
59.75 0 7
59.77 4 4
59.78 3 3
59.80 3 3
59.82 3 3
59.83 3 3
59.85 4 4
59.87 3 0
59.88 1 3
59.90 3 3
59.92 4 3
59.93 0 3
59.95 6 5
59.97 4 1
59.98 2 4
60.00 3 1
60.02 2 3
60.03 4 3
60.05 4 2
60.07 4 4
60.08 3 6
60.10 3 3
60.12 2 4
60.13 3 4
60.15 3 4
60.17 2 6
60.18 4 3
60.20 4 4
60.22 3 4
60.23 4 4
60.25 3 6
60.27 0 2
60.28 3 4
60.30 4 3
60.32 3 4
60.33 3 4
60.35 3 4
60.37 3 4
60.38 3 6
60.40 4 2
60.42 0 3
60.43 0 2
60.45 3 3
60.47 5 4
60.48 3 0
60.50 3 4
60.52 3 3
60.53 3 3
60.55 3 4
60.57 7 4
60.58 4 3
60.60 5 3
60.62 4 1
60.63 4 3
60.65 2 4
60.67 2 4
60.68 4 7
60.70 3 0
60.72 4 3
60.73 3 3
60.75 0 3
60.77 4 3
60.78 4 7
60.80 5 5
60.82 3 4
60.83 4 3
60.85 0 3
60.87 1 3
60.88 3 3
60.90 1 4
60.92 4 0
60.93 4 3
60.95 2 4
60.97 3 4
60.98 1 0
61.00 4 4
61.02 4 2
61.03 4 3
61.05 3 3
61.07 3 3
61.08 4 3
61.10 5 4
61.12 3 4
61.13 3 3
61.15 4 2
61.17 4 1
61.18 3 3
61.20 3 5
61.22 3 7
61.23 5 4
61.25 3 3
61.27 7 3
61.28 4 3
61.30 3 3
61.32 0 0
61.33 4 3
61.35 0 0
61.37 3 3
61.38 2 3
61.40 0 3
61.42 4 3
61.43 4 3
61.45 3 3
61.47 3 3
61.48 4 3
61.50 5 7
61.52 3 0
61.53 3 3
61.55 3 3
61.57 3 3
61.58 3 3
61.60 5 1
61.62 1 1
61.63 4 4
61.65 2 4
61.67 4 4
61.68 4 3
61.70 3 5
61.72 2 4
61.73 2 3
61.75 3 3
61.77 4 3
61.78 4 3
61.80 4 3
61.82 4 5
61.83 3 4
61.85 4 4
61.87 4 4
61.88 3 4
61.90 3 6
61.92 2 5
61.93 5 5
61.95 3 4
61.97 4 4
61.98 4 4
62.00 6 0
62.02 0 3
62.03 5 4
62.05 3 5
62.07 3 3
62.08 3 3
62.10 4 0
62.12 3 4
62.13 2 2
62.15 1 4
62.17 4 3
62.18 3 3
62.20 3 3
62.22 3 3
62.23 2 3
62.25 2 3
62.27 4 7
62.28 3 3
62.30 4 3
62.32 4 1
62.33 4 3
62.35 0 0
62.37 1 0
62.38 3 0
62.40 3 2
62.42 4 5
62.43 6 3
62.45 5 3
62.47 4 3
62.48 4 3
62.50 3 4
62.52 4 4
62.53 1 3
62.55 5 5
62.57 3 3
62.58 3 3
62.60 3 3
62.62 2 3
62.63 3 3
62.65 3 3
62.67 3 5
62.68 3 3
62.70 4 3
62.72 3 6
62.73 4 3
62.75 4 0
62.77 4 4
62.78 2 2
62.80 4 4
62.82 2 4
62.83 3 5
62.85 2 4
62.87 3 4
62.88 3 4
62.90 3 3
62.92 4 3
62.93 3 6
62.95 3 3
62.97 3 0
62.98 4 1
63.00 3 4
63.02 3 4
63.03 3 2
63.05 0 3
63.07 4 3
63.08 2 2
63.10 4 3
63.12 4 3
63.13 3 3
63.15 5 3
63.17 4 3
63.18 4 3
63.20 2 3
63.22 3 4
63.23 3 3
63.25 0 0
63.27 2 1
63.28 4 4
63.30 8 6
63.32 4 5
63.33 3 3
63.35 3 3
63.37 1 5
63.38 3 3
63.40 3 3
63.42 0 5
63.43 12 0
63.45 3 2
63.47 1 3
63.48 3 3
63.50 4 4
63.52 6 6
63.53 6 6
63.55 4 0
63.57 3 4
63.58 3 4
63.60 4 0
63.62 3 4
63.63 5 7
63.65 3 3
63.67 3 4
63.68 3 3
63.70 4 4
63.72 4 3
63.73 1 5
63.75 4 3
63.77 3 3
63.78 3 3
63.80 0 1
63.82 2 2
63.83 3 1
63.85 3 3
63.87 3 2
63.88 3 4
63.90 5 0
63.92 6 4
63.93 4 4
63.95 4 3
63.97 1 3
63.98 3 4
64.00 4 3
64.02 0 4
64.03 4 3
64.05 5 0
64.07 0 4
64.08 4 4
64.10 4 3
64.12 5 4
64.13 4 3
64.15 3 0
64.17 3 1
64.18 3 3
64.20 3 3
64.22 3 3
64.23 10 4
64.25 1 3
64.27 4 3
64.28 3 4
64.30 0 0
64.32 1 0
64.33 3 4
64.35 3 0
64.37 3 3
64.38 3 4
64.40 3 3
64.42 3 3
64.43 4 1
64.45 4 1
64.47 3 3
64.48 3 3
64.50 3 3
64.52 4 3
64.53 6 6
64.55 4 3
64.57 3 3
64.58 2 6
64.60 4 1
64.62 3 4
64.63 4 0
64.65 4 5
64.67 3 5
64.68 3 4
64.70 3 4
64.72 3 4
64.73 3 4
64.75 4 6
64.77 4 3
64.78 6 6
64.80 4 4
64.82 4 4
64.83 3 2
64.85 0 6
64.87 5 2
64.88 3 3
64.90 3 3
64.92 3 3
64.93 3 3
64.95 1 1
64.97 3 1
64.98 4 4
65.00 3 5
65.02 0 4
65.03 2 2
65.05 4 4
65.07 3 4
65.08 3 1
65.10 4 3
65.12 3 3
65.13 3 3
65.15 3 3
65.17 3 3
65.18 0 0
65.20 1 2
65.22 4 3
65.23 4 6
65.25 4 2
65.27 4 5
65.28 3 4
65.30 3 4
65.32 3 4
65.33 5 3
65.35 3 3
65.37 1 3
65.38 8 4
65.40 3 3
65.42 3 4
65.43 3 4
65.45 3 4
65.47 3 4
65.48 0 6
65.50 4 3
65.52 3 6
65.53 3 3
65.55 3 3
65.57 3 3
65.58 3 5
65.60 1 7
65.62 0 3
65.63 3 3
65.65 4 3
65.67 4 3
65.68 4 3
65.70 2 5
65.72 3 4
65.73 3 4
65.75 3 4
65.77 4 4
65.78 4 5
65.80 4 6
65.82 4 2
65.83 4 4
65.85 0 5
65.87 3 4
65.88 3 4
65.90 2 4
65.92 3 4
65.93 3 4
65.95 3 4
65.97 3 4
65.98 4 3
66.00 4 4
66.02 3 3
66.03 4 3
66.05 4 4
66.07 4 3
66.08 3 3
66.10 4 3
66.12 4 0
66.13 3 3
66.15 3 3
66.17 5 4
66.18 1 3
66.20 3 4
66.22 4 3
66.23 0 0
66.25 6 3
66.27 4 3
66.28 3 4
66.30 3 7
66.32 8 8
66.33 4 2
66.35 4 4
66.37 3 3
66.38 2 3
66.40 4 3
66.42 4 6
66.43 3 2
66.45 3 3
66.47 3 4
66.48 3 4
66.50 3 6
66.52 3 4
66.53 3 0
66.55 4 4
66.57 4 3
66.58 4 2
66.60 3 5
66.62 2 1
66.63 0 1
66.65 4 4
66.67 4 4
66.68 2 4
66.70 1 3
66.72 7 5
66.73 4 5
66.75 4 7
66.77 3 5
66.78 7 3
66.80 4 0
66.82 0 3
66.83 3 3
66.85 7 4
66.87 3 4
66.88 1 4
66.90 3 4
66.92 4 3
66.93 3 5
66.95 3 4
66.97 0 3
66.98 2 4
67.00 3 4
67.02 3 3
67.03 3 4
67.05 3 0
67.07 0 3
67.08 4 3
67.10 4 3
67.12 4 3
67.13 0 0
67.15 4 0
67.17 2 4
67.18 4 2
67.20 1 3
67.22 3 4
67.23 3 5
67.25 2 3
67.27 4 4
67.28 4 4
67.30 4 4
67.32 5 0
67.33 4 6
67.35 3 2
67.37 3 3
67.38 3 4
67.40 3 3
67.42 3 3
67.43 1 7
67.45 3 0
67.47 3 4
67.48 3 3
67.50 4 0
67.52 3 0
67.53 2 4
67.55 1 4
67.57 0 1
67.58 5 3
67.60 4 4
67.62 4 4
67.63 4 3
67.65 4 4
67.67 3 4
67.68 0 4
67.70 3 3
67.72 3 3
67.73 3 4
67.75 4 6
67.77 3 4
67.78 5 3
67.80 4 0
67.82 4 0
67.83 3 0
67.85 3 0
67.87 1 2
67.88 1 3
67.90 4 3
67.92 4 3
67.93 3 3
67.95 4 0
67.97 3 3
67.98 4 3
68.00 12 5
68.02 4 3
68.03 4 4
68.05 9 1
68.07 5 4
68.08 4 6
68.10 4 4
68.12 2 4
68.13 3 3
68.15 3 0
68.17 0 6
68.18 3 2
68.20 5 4
68.22 5 3
68.23 3 4
68.25 4 0
68.27 4 3
68.28 4 4
68.30 3 4
68.32 4 2
68.33 4 4
68.35 4 0
68.37 4 3
68.38 3 3
68.40 3 4
68.42 4 4
68.43 4 4
68.45 3 3
68.47 3 3
68.48 3 4
68.50 4 7
68.52 3 5
68.53 3 0
68.55 4 3
68.57 4 3
68.58 3 4
68.60 3 4
68.62 4 4
68.63 3 4
68.65 3 3
68.67 3 2
68.68 3 3
68.70 3 3
68.72 4 3
68.73 6 3
68.75 2 4
68.77 2 4
68.78 3 4
68.80 4 4
68.82 4 4
68.83 0 4
68.85 2 0
68.87 3 4
68.88 3 1
68.90 3 3
68.92 4 4
68.93 4 3
68.95 5 5
68.97 4 4
68.98 2 2
69.00 4 4
69.02 1 4
69.03 4 4
69.05 6 6
69.07 3 1
69.08 0 3
69.10 3 0
69.12 4 3
69.13 4 2
69.15 5 4
69.17 3 3
69.18 3 2
69.20 3 3
69.22 3 1
69.23 3 3
69.25 3 3
69.27 3 4
69.28 0 4
69.30 3 3
69.32 3 3
69.33 3 4
69.35 3 4
69.37 5 4
69.38 4 0
69.40 4 3
69.42 4 3
69.43 4 3
69.45 4 3
69.47 4 5
69.48 3 6
69.50 2 5
69.52 0 3
69.53 4 4
69.55 4 3
69.57 4 6
69.58 4 6
69.60 2 3
69.62 3 4
69.63 3 4
69.65 0 3
69.67 3 4
69.68 4 5
69.70 4 4
69.72 3 4
69.73 3 3
69.75 3 3
69.77 3 4
69.78 0 4
69.80 5 3
69.82 3 3
69.83 4 3
69.85 4 3
69.87 4 4
69.88 3 4
69.90 4 0
69.92 1 4
69.93 4 2
69.95 2 4
69.97 2 3
69.98 3 0
70.00 4 3
70.02 3 3
70.03 2 4
70.05 3 3
70.07 2 1
70.08 3 2
70.10 7 7
70.12 0 0
70.13 0 3
70.15 3 3
70.17 3 3
70.18 3 0
70.20 4 3
70.22 4 3
70.23 3 3
70.25 3 3
70.27 3 3
70.28 1 0
70.30 3 0
70.32 4 4
70.33 3 3
70.35 3 3
70.37 3 3
70.38 4 3
70.40 2 3
70.42 3 4
70.43 3 4
70.45 3 4
70.47 4 4
70.48 4 4
70.50 3 5
70.52 3 7
70.53 4 4
70.55 3 3
70.57 3 3
70.58 3 3
70.60 3 3
70.62 4 4
70.63 3 3
70.65 1 4
70.67 3 4
70.68 3 4
70.70 3 4
70.72 3 0
70.73 0 0
70.75 3 3
70.77 3 3
70.78 3 3
70.80 4 3
70.82 1 4
70.83 6 2
70.85 2 3
70.87 4 4
70.88 4 3
70.90 4 3
70.92 4 0
70.93 6 3
70.95 5 0
70.97 4 3
70.98 3 3
71.00 1 3
71.02 4 3
71.03 8 8
71.05 2 0
71.07 4 3
71.08 4 3
71.10 4 4
71.12 4 3
71.13 5 3
71.15 3 0
71.17 4 2
71.18 4 4
71.20 4 4
71.22 3 0
71.23 4 4
71.25 4 4
71.27 4 5
71.28 3 3
71.30 3 3
71.32 3 3
71.33 3 6
71.35 4 3
71.37 3 0
71.38 4 3
71.40 4 4
71.42 4 4
71.43 4 3
71.45 6 4
71.47 3 0
71.48 3 3
71.50 3 4
71.52 2 0
71.53 2 3
71.55 4 4
71.57 0 3
71.58 4 4
71.60 3 2
71.62 4 4
71.63 4 3
71.65 3 3
71.67 2 4
71.68 4 4
71.70 5 5
71.72 4 3
71.73 4 4
71.75 4 8
71.77 3 3
71.78 10 3
71.80 4 5
71.82 4 3
71.83 4 3
71.85 3 4
71.87 3 5
71.88 3 4
71.90 3 0
71.92 5 7
71.93 4 2
71.95 4 0
71.97 4 4
71.98 4 4
72.00 3 4
72.02 4 2
72.03 3 3
72.05 2 4
72.07 0 0
72.08 4 3
72.10 3 1
72.12 3 4
72.13 4 3
72.15 1 2
72.17 3 1
72.18 3 7
72.20 3 6
72.22 0 5
72.23 3 5
72.25 4 2
72.27 3 4
72.28 3 5
72.30 3 4
72.32 3 4
72.33 3 4
72.35 4 3
72.37 3 2
72.38 3 4
72.40 3 3
72.42 5 3
72.43 4 3
72.45 4 2
72.47 4 3
72.48 6 4
72.50 1 4
72.52 3 3
72.53 4 0
72.55 4 3
72.57 3 5
72.58 3 4
72.60 2 2
72.62 4 4
72.63 4 4
72.65 3 0
72.67 4 4
72.68 4 3
72.70 2 4
72.72 2 3
72.73 3 5
72.75 3 4
72.77 4 4
72.78 3 4
72.80 0 1
72.82 1 2
72.83 3 4
72.85 3 4
72.87 3 4
72.88 3 4
72.90 3 4
72.92 3 3
72.93 3 2
72.95 3 1
72.97 4 3
72.98 0 0
73.00 3 4
73.02 3 3
73.03 3 2
73.05 4 3
73.07 4 3
73.08 4 5
73.10 5 3
73.12 3 6
73.13 1 5
73.15 0 0
73.17 3 3
73.18 3 1
73.20 3 3
73.22 3 3
73.23 4 3
73.25 5 4
73.27 4 3
73.28 3 4
73.30 4 4
73.32 4 4
73.33 4 4
73.35 3 4
73.37 0 0
73.38 3 4
73.40 4 4
73.42 5 0
73.43 3 0
73.45 3 4
73.47 3 1
73.48 3 4
73.50 3 3
73.52 3 3
73.53 3 3
73.55 3 4
73.57 4 4
73.58 3 4
73.60 3 3
73.62 3 3
73.63 2 3
73.65 3 4
73.67 4 2
73.68 1 3
73.70 4 4
73.72 4 4
73.73 4 4
73.75 4 4
73.77 4 6
73.78 3 0
73.80 3 3
73.82 3 4
73.83 3 4
73.85 3 3
73.87 3 3
73.88 0 0
73.90 4 4
73.92 3 4
73.93 3 0
73.95 2 4
73.97 6 4
73.98 1 0
74.00 3 4
74.02 4 3
74.03 3 4
74.05 5 3
74.07 4 6
74.08 5 4
74.10 3 4
74.12 5 3
74.13 3 3
74.15 2 6
74.17 4 4
74.18 1 4
74.20 3 3
74.22 4 4
74.23 4 5
74.25 4 4
74.27 0 2
74.28 1 6
74.30 4 4
74.32 4 4
74.33 4 4
74.35 3 4
74.37 4 2
74.38 4 4
74.40 3 4
74.42 3 4
74.43 3 3
74.45 3 3
74.47 3 3
74.48 3 5
74.50 6 4
74.52 4 3
74.53 4 3
74.55 2 4
74.57 4 5
74.58 4 4
74.60 5 3
74.62 3 4
74.63 3 4
74.65 3 3
74.67 3 4
74.68 2 4
74.70 3 5
74.72 3 3
74.73 3 3
74.75 3 4
74.77 3 3
74.78 5 3
74.80 4 4
74.82 6 4
74.83 4 4
74.85 2 0
74.87 3 4
74.88 3 4
74.90 3 6
74.92 3 6
74.93 4 3
74.95 4 3
74.97 4 4
74.98 1 4
75.00 0 0
75.02 1 3
75.03 3 3
75.05 3 4
75.07 2 5
75.08 4 4
75.10 4 3
75.12 4 3
75.13 4 3
75.15 4 3
75.17 0 3
75.18 0 4
75.20 5 5
75.22 1 3
75.23 3 3
75.25 3 2
75.27 1 3
75.28 3 3
75.30 3 3
75.32 4 8
75.33 3 4
75.35 3 0
75.37 4 4
75.38 3 3
75.40 0 5
75.42 4 5
75.43 0 5
75.45 3 3
75.47 3 3
75.48 3 1
75.50 4 4
75.52 3 6
75.53 6 4
75.55 3 4
75.57 3 4
75.58 3 3
75.60 0 3
75.62 3 0
75.63 3 2
75.65 3 6
75.67 4 3
75.68 4 4
75.70 3 4
75.72 4 1
75.73 3 4
75.75 3 4
75.77 3 4
75.78 3 4
75.80 3 4
75.82 0 0
75.83 4 4
75.85 4 3
75.87 4 6
75.88 4 3
75.90 4 5
75.92 4 3
75.93 4 4
75.95 3 8
75.97 4 3
75.98 3 4
76.00 3 3
76.02 4 6
76.03 4 3
76.05 6 4
76.07 3 3
76.08 4 3
76.10 2 3
76.12 4 4
76.13 3 4
76.15 4 5
76.17 4 1
76.18 4 3
76.20 4 4
76.22 2 4
76.23 2 3
76.25 1 11
76.27 5 5
76.28 4 3
76.30 4 4
76.32 3 6
76.33 5 4
76.35 3 3
76.37 4 4
76.38 2 3
76.40 3 3
76.42 0 3
76.43 3 3
76.45 4 3
76.47 4 3
76.48 5 5
76.50 4 0
76.52 4 5
76.53 1 2
76.55 4 3
76.57 4 3
76.58 4 1
76.60 3 2
76.62 5 4
76.63 3 3
76.65 1 4
76.67 2 3
76.68 3 4
76.70 2 3
76.72 4 6
76.73 3 5
76.75 3 4
76.77 6 3
76.78 0 4
76.80 5 6
76.82 3 4
76.83 4 5
76.85 3 4
76.87 6 4
76.88 3 0
76.90 2 1
76.92 5 3
76.93 3 4
76.95 3 4
76.97 3 3
76.98 5 3
77.00 4 1
77.02 4 4
77.03 3 6
77.05 3 3
77.07 4 5
77.08 4 4
77.10 3 3
77.12 4 1
77.13 6 4
77.15 3 4
77.17 3 4
77.18 3 3
77.20 4 3
77.22 4 3
77.23 2 4
77.25 4 0
77.27 1 3
77.28 5 3
77.30 2 2
77.32 3 0
77.33 5 4
77.35 2 1
77.37 4 4
77.38 3 1
77.40 4 4
77.42 3 1
77.43 3 0
77.45 3 2
77.47 2 3
77.48 3 4
77.50 2 4
77.52 4 6
77.53 5 4
77.55 4 3
77.57 5 5
77.58 3 3
77.60 0 3
77.62 4 3
77.63 4 3
77.65 0 3
77.67 4 3
77.68 4 4
77.70 4 3
77.72 1 4
77.73 3 4
77.75 4 3
77.77 0 0
77.78 3 4
77.80 6 0
77.82 0 3
77.83 5 3
77.85 7 6
77.87 4 3
77.88 3 3
77.90 4 3
77.92 3 3
77.93 5 3
77.95 4 3
77.97 6 3
77.98 4 3
78.00 2 4
78.02 4 4
78.03 4 4
78.05 4 5
78.07 4 0
78.08 4 4
78.10 4 3
78.12 4 4
78.13 3 4
78.15 4 3
78.17 6 0
78.18 11 0
78.20 3 4
78.22 4 4
78.23 1 3
78.25 0 5
78.27 5 6
78.28 4 8
78.30 2 2
78.32 3 3
78.33 3 3
78.35 0 1
78.37 4 5
78.38 4 4
78.40 4 4
78.42 4 4
78.43 4 4
78.45 4 4
78.47 3 5
78.48 4 9
78.50 3 4
78.52 3 3
78.53 3 4
78.55 3 4
78.57 3 3
78.58 0 5
78.60 3 3
78.62 3 3
78.63 4 3
78.65 5 3
78.67 4 3
78.68 5 1
78.70 4 4
78.72 3 3
78.73 5 3
78.75 2 3
78.77 3 3
78.78 5 6
78.80 7 5
78.82 0 4
78.83 4 4
78.85 4 4
78.87 4 0
78.88 4 3
78.90 3 4
78.92 1 3
78.93 9 3
78.95 3 3
78.97 4 3
78.98 2 3
79.00 0 0
79.02 4 4
79.03 4 4
79.05 4 4
79.07 4 4
79.08 4 3
79.10 4 1
79.12 6 3
79.13 3 4
79.15 3 3
79.17 3 4
79.18 4 4
79.20 4 6
79.22 4 3
79.23 1 5
79.25 3 3
79.27 4 3
79.28 2 4
79.30 3 2
79.32 4 0
79.33 4 4
79.35 0 3
79.37 4 4
79.38 4 4
79.40 2 4
79.42 3 4
79.43 5 0
79.45 3 3
79.47 3 4
79.48 3 3
79.50 0 3
79.52 4 4
79.53 6 3
79.55 4 3
79.57 3 3
79.58 2 3
79.60 3 4
79.62 0 4
79.63 3 4
79.65 4 4
79.67 4 4
79.68 4 3
79.70 4 3
79.72 0 0
79.73 0 3
79.75 5 4
79.77 4 7
79.78 4 4
79.80 4 3
79.82 4 3
79.83 4 5
79.85 4 7
79.87 4 3
79.88 4 3
79.90 2 1
79.92 0 3
79.93 3 2
79.95 4 1
79.97 2 3
79.98 4 4
80.00 4 4
80.02 2 4
80.03 3 4
80.05 4 4
80.07 4 4
80.08 4 3
80.10 4 3
80.12 4 3
80.13 3 4
80.15 6 4
80.17 4 3
80.18 3 4
80.20 3 0
80.22 3 5
80.23 3 5
80.25 3 4
80.27 2 4
80.28 4 3
80.30 4 3
80.32 2 3
80.33 4 3
80.35 0 4
80.37 2 1
80.38 4 4
80.40 4 4
80.42 4 0
80.43 1 0
80.45 3 6
80.47 3 2
80.48 7 3
80.50 6 9
80.52 4 3
80.53 3 3
80.55 4 3
80.57 4 3
80.58 4 3
80.60 5 3
80.62 3 4
80.63 3 3
80.65 6 3
80.67 4 2
80.68 4 8
80.70 0 0
80.72 3 1
80.73 3 4
80.75 2 4
80.77 12 13
80.78 3 4
80.80 4 6
80.82 3 3
80.83 3 1
80.85 3 3
80.87 4 3
80.88 3 4
80.90 3 7
80.92 4 4
80.93 3 4
80.95 3 6
80.97 4 4
80.98 4 4
81.00 5 3
81.02 4 3
81.03 3 4
81.05 4 4
81.07 3 3
81.08 3 3
81.10 2 3
81.12 3 3
81.13 3 3
81.15 1 3
81.17 4 5
81.18 4 4
81.20 4 3
81.22 4 4
81.23 4 5
81.25 5 4
81.27 3 3
81.28 3 3
81.30 3 3
81.32 3 3
81.33 4 3
81.35 3 3
81.37 6 3
81.38 3 3
81.40 3 4
81.42 2 4
81.43 4 5
81.45 3 5
81.47 4 4
81.48 4 4
81.50 4 5
81.52 4 3
81.53 3 7
81.55 3 2
81.57 1 3
81.58 4 4
81.60 3 4
81.62 4 2
81.63 4 4
81.65 3 3
81.67 0 0
81.68 3 3
81.70 3 3
81.72 2 6
81.73 3 4
81.75 3 4
81.77 3 2
81.78 4 4
81.80 3 4
81.82 3 4
81.83 1 4
81.85 4 4
81.87 3 3
81.88 3 3
81.90 3 3
81.92 3 3
81.93 1 0
81.95 0 3
81.97 4 4
81.98 3 5
82.00 4 3
82.02 4 4
82.03 4 4
82.05 1 5
82.07 3 5
82.08 3 4
82.10 5 3
82.12 4 3
82.13 4 3
82.15 5 5
82.17 5 5
82.18 3 3
82.20 3 3
82.22 3 4
82.23 3 4
82.25 8 6
82.27 4 3
82.28 4 0
82.30 4 3
82.32 4 3
82.33 6 3
82.35 4 3
82.37 3 2
82.38 3 7
82.40 3 4
82.42 3 3
82.43 3 2
82.45 3 0
82.47 3 4
82.48 6 6
82.50 4 4
82.52 4 4
82.53 4 4
82.55 0 4
82.57 4 3
82.58 3 4
82.60 3 2
82.62 3 4
82.63 2 3
82.65 3 3
82.67 3 4
82.68 0 0
82.70 4 4
82.72 0 0
82.73 0 2
82.75 4 3
82.77 3 3
82.78 6 3
82.80 3 0
82.82 4 3
82.83 4 0
82.85 4 4
82.87 4 3
82.88 6 5
82.90 4 0
82.92 4 3
82.93 4 3
82.95 5 3
82.97 3 3
82.98 2 3
83.00 5 4
83.02 3 3
83.03 3 3
83.05 3 3
83.07 4 3
83.08 1 3
83.10 6 4
83.12 3 5
83.13 3 4
83.15 4 3
83.17 3 3
83.18 4 4
83.20 0 3
83.22 4 4
83.23 4 3
83.25 4 3
83.27 4 2
83.28 4 4
83.30 4 3
83.32 3 3
83.33 3 3
83.35 3 3
83.37 6 3
83.38 1 3
83.40 3 5
83.42 0 3
83.43 3 2
83.45 3 4
83.47 3 3
83.48 4 3
83.50 3 5
83.52 3 6
83.53 4 4
83.55 3 4
83.57 3 4
83.58 3 4
83.60 5 4
83.62 3 6
83.63 3 3
83.65 0 3
83.67 4 3
83.68 4 3
83.70 1 3
83.72 4 6
83.73 4 5
83.75 3 3
83.77 4 3
83.78 4 3
83.80 4 3
83.82 0 5
83.83 4 4
83.85 6 5
83.87 4 4
83.88 4 4
83.90 4 4
83.92 5 4
83.93 4 4
83.95 2 5
83.97 4 3
83.98 4 3
84.00 2 4
84.02 4 4
84.03 4 3
84.05 0 4
84.07 1 4
84.08 3 3
84.10 3 3
84.12 7 0
84.13 3 6
84.15 4 4
84.17 4 4
84.18 3 1
84.20 3 3
84.22 4 4
84.23 3 3
84.25 3 6
84.27 3 5
84.28 3 4
84.30 3 4
84.32 4 3
84.33 3 4
84.35 4 4
84.37 4 3
84.38 7 3
84.40 3 3
84.42 3 3
84.43 3 3
84.45 4 6
84.47 3 2
84.48 3 2
84.50 4 8
84.52 4 3
84.53 4 3
84.55 4 6
84.57 4 3
84.58 4 4
84.60 2 4
84.62 3 4
84.63 3 3
84.65 3 5
84.67 3 4
84.68 0 4
84.70 0 3
84.72 3 3
84.73 3 3
84.75 3 6
84.77 3 2
84.78 3 3
84.80 4 4
84.82 4 2
84.83 3 4
84.85 3 0
84.87 0 3
84.88 3 3
84.90 3 3
84.92 3 4
84.93 3 4
84.95 1 4
84.97 5 4
84.98 1 4
85.00 3 3
85.02 4 4
85.03 4 4
85.05 4 4
85.07 4 5
85.08 4 3
85.10 4 4
85.12 4 4
85.13 2 3
85.15 3 3
85.17 3 4
85.18 4 3
85.20 4 4
85.22 2 2
85.23 3 4
85.25 3 1
85.27 3 3
85.28 3 3
85.30 5 3
85.32 3 5
85.33 5 1
85.35 3 3
85.37 3 3
85.38 3 3
85.40 3 3
85.42 4 3
85.43 4 5
85.45 4 4
85.47 4 5
85.48 4 6
85.50 0 1
85.52 0 3
85.53 0 3
85.55 4 4
85.57 0 0
85.58 0 4
85.60 4 4
85.62 3 4
85.63 2 1
85.65 4 3
85.67 8 3
85.68 4 3
85.70 1 2
85.72 1 2
85.73 4 4
85.75 3 3
85.77 6 3
85.78 3 4
85.80 4 4
85.82 4 5
85.83 1 4
85.85 1 4
85.87 3 1
85.88 3 3
85.90 3 4
85.92 3 4
85.93 2 4
85.95 3 5
85.97 6 4
85.98 5 4
86.00 4 3
86.02 4 4
86.03 4 4
86.05 3 3
86.07 2 2
86.08 3 0
86.10 3 3
86.12 2 2
86.13 3 4
86.15 4 4
86.17 4 2
86.18 3 7
86.20 3 4
86.22 3 3
86.23 3 2
86.25 4 1
86.27 4 3
86.28 4 4
86.30 4 4
86.32 4 3
86.33 3 4
86.35 2 3
86.37 3 4
86.38 4 3
86.40 4 0
86.42 0 4
86.43 4 4
86.45 2 4
86.47 3 5
86.48 4 1
86.50 5 3
86.52 3 4
86.53 4 3
86.55 5 3
86.57 4 1
86.58 3 6
86.60 0 3
86.62 5 0
86.63 0 0
86.65 4 2
86.67 4 4
86.68 3 6
86.70 3 3
86.72 4 4
86.73 4 4
86.75 4 2
86.77 4 0
86.78 5 6
86.80 3 3
86.82 3 3
86.83 4 3
86.85 7 0
86.87 4 1
86.88 4 3
86.90 6 5
86.92 4 3
86.93 4 4
86.95 2 3
86.97 4 5
86.98 3 4
87.00 0 3
87.02 3 4
87.03 3 4
87.05 3 6
87.07 4 3
87.08 4 3
87.10 4 3
87.12 3 3
87.13 4 3
87.15 6 3
87.17 13 14
87.18 3 5
87.20 5 3
87.22 3 5
87.23 4 3
87.25 4 4
87.27 0 1
87.28 3 0
87.30 2 3
87.32 1 3
87.33 3 3
87.35 3 5
87.37 1 3
87.38 3 6
87.40 5 4
87.42 4 0
87.43 3 4
87.45 3 3
87.47 3 4
87.48 5 4
87.50 4 0
87.52 3 0
87.53 0 0
87.55 0 3
87.57 4 1
87.58 3 0
87.60 3 3
87.62 3 3
87.63 3 3
87.65 3 3
87.67 3 3
87.68 3 7
87.70 6 8
87.72 4 3
87.73 4 3
87.75 2 3
87.77 4 3
87.78 6 3
87.80 4 4
87.82 3 4
87.83 3 3
87.85 3 3
87.87 6 4
87.88 0 0
87.90 3 0
87.92 4 4
87.93 4 3
87.95 4 4
87.97 3 4
87.98 2 1
88.00 2 0
88.02 3 4
88.03 3 4
88.05 3 3
88.07 4 3
88.08 4 4
88.10 5 4
88.12 3 1
88.13 3 3
88.15 4 3
88.17 3 3
88.18 4 3
88.20 3 4
88.22 0 4
88.23 2 5
88.25 4 1
88.27 6 3
88.28 4 3
88.30 3 3
88.32 12 3
88.33 4 3
88.35 3 3
88.37 3 3
88.38 3 0
88.40 0 4
88.42 3 4
88.43 4 4
88.45 3 3
88.47 3 3
88.48 3 3
88.50 3 3
88.52 5 4
88.53 4 4
88.55 0 0
88.57 12 1
88.58 3 4
88.60 5 0
88.62 3 5
88.63 3 4
88.65 4 4
88.67 4 3
88.68 4 3
88.70 4 2
88.72 4 6
88.73 4 3
88.75 4 4
88.77 3 4
88.78 3 4
88.80 6 3
88.82 3 4
88.83 5 4
88.85 5 3
88.87 6 3
88.88 4 3
88.90 4 1
88.92 3 3
88.93 3 4
88.95 2 3
88.97 4 4
88.98 4 3
89.00 4 3
89.02 4 4
89.03 3 4
89.05 3 4
89.07 4 4
89.08 3 4
89.10 3 3
89.12 3 3
89.13 3 3
89.15 4 3
89.17 5 3
89.18 3 4
89.20 3 3
89.22 5 3
89.23 3 2
89.25 0 5
89.27 5 6
89.28 5 3
89.30 3 4
89.32 4 3
89.33 3 4
89.35 2 1
89.37 3 4
89.38 4 7
89.40 3 4
89.42 3 2
89.43 0 0
89.45 2 4
89.47 4 4
89.48 4 4
89.50 3 5
89.52 3 3
89.53 3 7
89.55 3 3
89.57 3 5
89.58 0 3
89.60 4 5
89.62 0 1
89.63 0 3
89.65 5 3
89.67 3 4
89.68 4 4
89.70 4 7
89.72 4 3
89.73 3 0
89.75 3 4
89.77 4 3
89.78 4 3
89.80 4 4
89.82 3 3
89.83 4 2
89.85 0 4
89.87 3 3
89.88 3 3
89.90 0 3
89.92 4 4
89.93 4 4
89.95 3 5
89.97 4 4
89.98 4 4
90.00 4 3
90.02 4 4
90.03 3 3
90.05 4 4
90.07 3 4
90.08 3 4
90.10 3 3
90.12 6 0
90.13 2 3
90.15 3 3
90.17 3 3
90.18 1 5
90.20 4 3
90.22 3 5
90.23 4 4
90.25 5 0
90.27 0 2
90.28 4 4
90.30 3 4
90.32 3 3
90.33 3 3
90.35 5 6
90.37 4 6
90.38 4 3
90.40 0 3
90.42 1 1
90.43 4 3
90.45 7 3
90.47 0 3
90.48 2 3
90.50 2 2
90.52 4 5
90.53 6 0
90.55 3 3
90.57 3 3
90.58 3 3
90.60 5 3
90.62 4 3
90.63 1 4
90.65 4 3
90.67 4 2
90.68 4 3
90.70 4 3
90.72 4 2
90.73 4 3
90.75 0 4
90.77 1 4
90.78 3 4
90.80 3 4
90.82 3 4
90.83 3 3
90.85 4 4
90.87 3 4
90.88 4 4
90.90 4 4
90.92 4 4
90.93 4 5
90.95 2 4
90.97 3 3
90.98 2 3
91.00 3 3
91.02 3 3
91.03 3 1
91.05 2 0
91.07 4 0
91.08 3 4
91.10 4 4
91.12 4 4
91.13 2 4
91.15 1 3
91.17 4 3
91.18 2 4
91.20 3 3
91.22 4 3
91.23 3 3
91.25 5 3
91.27 6 4
91.28 4 3
91.30 4 1
91.32 5 3
91.33 3 4
91.35 3 4
91.37 6 2
91.38 3 8
91.40 4 3
91.42 3 3
91.43 0 0
91.45 4 1
91.47 7 8
91.48 4 6
91.50 4 4
91.52 4 4
91.53 4 4
91.55 5 1
91.57 4 4
91.58 3 3
91.60 5 1
91.62 2 1
91.63 3 4
91.65 4 4
91.67 4 0
91.68 0 5
91.70 3 1
91.72 3 3
91.73 3 3
91.75 3 3
91.77 3 4
91.78 0 4
91.80 3 3
91.82 4 3
91.83 3 2
91.85 3 3
91.87 3 0
91.88 4 5
91.90 4 4
91.92 4 3
91.93 4 4
91.95 4 4
91.97 4 3
91.98 4 4
92.00 4 0
92.02 2 3
92.03 3 3
92.05 3 4
92.07 3 3
92.08 3 5
92.10 3 7
92.12 1 3
92.13 3 4
92.15 4 4
92.17 3 4
92.18 3 4
92.20 4 4
92.22 4 6
92.23 2 3
92.25 3 4
92.27 4 4
92.28 4 1
92.30 0 4
92.32 5 5
92.33 3 3
92.35 3 3
92.37 3 3
92.38 4 3
92.40 4 4
92.42 4 3
92.43 0 3
92.45 4 4
92.47 4 0
92.48 4 2
92.50 4 0
92.52 3 4
92.53 4 4
92.55 3 4
92.57 3 4
92.58 4 4
92.60 4 4
92.62 5 8
92.63 4 3
92.65 4 0
92.67 2 3
92.68 3 4
92.70 1 6
92.72 0 3
92.73 4 5
92.75 5 4
92.77 3 4
92.78 3 4
92.80 4 3
92.82 4 3
92.83 2 5
92.85 3 4
92.87 3 4
92.88 2 4
92.90 3 5
92.92 2 4
92.93 5 4
92.95 3 3
92.97 3 3
92.98 3 3
93.00 3 3
93.02 4 4
93.03 4 4
93.05 3 3
93.07 0 3
93.08 4 3
93.10 0 3
93.12 3 4
93.13 4 4
93.15 5 2
93.17 0 3
93.18 4 3
93.20 3 0
93.22 4 3
93.23 4 3
93.25 4 5
93.27 4 3
93.28 4 3
93.30 4 3
93.32 6 3
93.33 4 5
93.35 4 0
93.37 2 3
93.38 3 3
93.40 2 1
93.42 3 0
93.43 7 3
93.45 3 2
93.47 3 7
93.48 4 3
93.50 4 4
93.52 0 3
93.53 4 3
93.55 4 0
93.57 4 3
93.58 3 3
93.60 4 3
93.62 3 3
93.63 4 3
93.65 4 3
93.67 5 3
93.68 4 3
93.70 4 4
93.72 3 0
93.73 4 4
93.75 4 3
93.77 4 4
93.78 4 4
93.80 4 4
93.82 3 4
93.83 3 4
93.85 0 4
93.87 4 3
93.88 3 4
93.90 3 3
93.92 4 1
93.93 0 3
93.95 4 4
93.97 3 3
93.98 4 4
94.00 4 4
94.02 4 4
94.03 5 0
94.05 4 4
94.07 5 4
94.08 4 4
94.10 3 4
94.12 6 3
94.13 3 5
94.15 3 2
94.17 3 4
94.18 3 3
94.20 4 4
94.22 3 4
94.23 4 4
94.25 3 4
94.27 5 4
94.28 3 4
94.30 3 4
94.32 5 5
94.33 0 3
94.35 4 3
94.37 4 3
94.38 2 0
94.40 0 5
94.42 3 4
94.43 5 3
94.45 5 4
94.47 4 0
94.48 4 4
94.50 4 4
94.52 4 3
94.53 5 2
94.55 3 4
94.57 4 1
94.58 3 4
94.60 3 4
94.62 3 5
94.63 4 3
94.65 4 1
94.67 5 3
94.68 4 4
94.70 2 3
94.72 0 3
94.73 3 6
94.75 2 4
94.77 5 0
94.78 4 2
94.80 5 4
94.82 4 5
94.83 1 4
94.85 3 2
94.87 2 0
94.88 2 4
94.90 4 4
94.92 4 4
94.93 2 3
94.95 4 5
94.97 3 3
94.98 2 3
95.00 4 3
95.02 4 4
95.03 5 6
95.05 4 5
95.07 4 4
95.08 4 4
95.10 3 4
95.12 4 4
95.13 4 4
95.15 5 0
95.17 3 3
95.18 3 4
95.20 3 3
95.22 3 2
95.23 4 6
95.25 1 0
95.27 3 4
95.28 1 4
95.30 4 4
95.32 4 6
95.33 3 4
95.35 4 0
95.37 3 4
95.38 3 4
95.40 1 4
95.42 3 3
95.43 4 5
95.45 4 2
95.47 4 1
95.48 4 3
95.50 3 4
95.52 4 5
95.53 0 8
95.55 5 4
95.57 3 2
95.58 3 4
95.60 4 4
95.62 4 4
95.63 5 5
95.65 6 7
95.67 3 2
95.68 4 4
95.70 4 3
95.72 4 4
95.73 4 3
95.75 3 5
95.77 3 2
95.78 4 3
95.80 2 3
95.82 4 4
95.83 2 3
95.85 3 0
95.87 7 2
95.88 4 4
95.90 4 4
95.92 4 3
95.93 4 4
95.95 0 3
95.97 0 3
95.98 5 3
96.00 5 4
96.02 4 4
96.03 2 4
96.05 5 3
96.07 4 3
96.08 7 6
96.10 3 4
96.12 4 4
96.13 3 4
96.15 4 4
96.17 3 3
96.18 5 4
96.20 3 2
96.22 3 2
96.23 4 4
96.25 4 3
96.27 4 1
96.28 6 2
96.30 3 4
96.32 3 4
96.33 3 4
96.35 3 4
96.37 4 6
96.38 1 0
96.40 4 4
96.42 4 0
96.43 5 2
96.45 4 3
96.47 3 3
96.48 3 3
96.50 1 0
96.52 3 3
96.53 2 3
96.55 5 3
96.57 3 3
96.58 7 5
96.60 3 5
96.62 3 4
96.63 2 4
96.65 3 4
96.67 4 4
96.68 3 3
96.70 2 0
96.72 0 5
96.73 4 3
96.75 3 4
96.77 5 1
96.78 4 1
96.80 3 3
96.82 1 3
96.83 3 6
96.85 4 4
96.87 5 4
96.88 4 0
96.90 3 4
96.92 4 2
96.93 3 3
96.95 2 3
96.97 3 3
96.98 0 0
97.00 4 3
97.02 6 6
97.03 4 5
97.05 3 3
97.07 4 3
97.08 1 3
97.10 6 2
97.12 4 3
97.13 0 4
97.15 1 4
97.17 5 3
97.18 5 5
97.20 6 5
97.22 4 3
97.23 4 3
97.25 4 3
97.27 4 7
97.28 0 3
97.30 3 3
97.32 8 4
97.33 3 4
97.35 2 4
97.37 5 4
97.38 4 4
97.40 0 5
97.42 0 0
97.43 3 3
97.45 6 3
97.47 4 0
97.48 4 4
97.50 3 3
97.52 6 2
97.53 3 4
97.55 4 4
97.57 4 4
97.58 4 4
97.60 7 4
97.62 6 4
97.63 6 7
97.65 0 3
97.67 3 3
97.68 3 3
97.70 3 3
97.72 2 3
97.73 2 4
97.75 3 4
97.77 4 4
97.78 0 4
97.80 4 2
97.82 4 4
97.83 4 1
97.85 2 4
97.87 3 3
97.88 3 5
97.90 3 4
97.92 3 3
97.93 3 3
97.95 4 5
97.97 4 4
97.98 5 2
98.00 5 4
98.02 3 2
98.03 4 2
98.05 4 6
98.07 4 4
98.08 4 4
98.10 4 3
98.12 4 0
98.13 5 3
98.15 3 2
98.17 4 4
98.18 3 3
98.20 4 3
98.22 3 3
98.23 3 1
98.25 3 3
98.27 4 4
98.28 5 3
98.30 3 4
98.32 3 6
98.33 0 0
98.35 2 2
98.37 4 5
98.38 5 6
98.40 4 4
98.42 4 5
98.43 3 3
98.45 4 3
98.47 3 3
98.48 8 5
98.50 4 3
98.52 3 5
98.53 3 3
98.55 4 3
98.57 3 3
98.58 4 3
98.60 3 3
98.62 4 4
98.63 4 2
98.65 4 4
98.67 4 2
98.68 6 3
98.70 1 5
98.72 4 4
98.73 4 3
98.75 4 4
98.77 4 3
98.78 4 2
98.80 4 4
98.82 4 9
98.83 3 0
98.85 4 4
98.87 3 3
98.88 3 3
98.90 4 4
98.92 3 1
98.93 4 4
98.95 4 4
98.97 4 3
98.98 4 4
99.00 4 5
99.02 0 1
99.03 3 4
99.05 1 3
99.07 5 3
99.08 0 0
99.10 0 0
99.12 4 3
99.13 7 4
99.15 3 1
99.17 3 5
99.18 0 5
99.20 3 4
99.22 4 4
99.23 4 0
99.25 8 3
99.27 4 3
99.28 4 4
99.30 0 3
99.32 1 4
99.33 0 4
99.35 3 6
99.37 4 3
99.38 0 0
99.40 1 0
99.42 1 3
99.43 3 6
99.45 3 3
99.47 2 3
99.48 3 3
99.50 3 3
99.52 4 4
99.53 2 3
99.55 0 0
99.57 3 5
99.58 3 4
99.60 3 4
99.62 3 0
99.63 3 2
99.65 6 3
99.67 3 5
99.68 4 4
99.70 4 4
99.72 4 5
99.73 2 1
99.75 5 6
99.77 3 5
99.78 0 5
99.80 4 3
99.82 4 3
99.83 4 3
99.85 4 3
99.87 4 3
99.88 3 3
99.90 4 3
99.92 4 4
99.93 4 5
99.95 4 3
99.97 5 7
99.98 0 3
100.00 3 3
100.02 1 3
100.03 2 2
100.05 3 3
100.07 3 5
100.08 4 4
100.10 3 4
100.12 3 4
100.13 3 4
100.15 2 3
100.17 3 3
100.18 4 3
100.20 5 3
100.22 3 3
100.23 1 4
100.25 4 1
100.27 4 7
100.28 0 0
100.30 3 0
100.32 3 2
100.33 4 3
100.35 3 5
100.37 3 5
100.38 2 3
100.40 4 3
100.42 2 3
100.43 3 3
100.45 2 3
100.47 3 1
100.48 4 1
100.50 3 4
100.52 6 3
100.53 3 3
100.55 3 4
100.57 3 3
100.58 3 3
100.60 3 5
100.62 3 3
100.63 3 3
100.65 3 3
100.67 3 4
100.68 3 3
100.70 1 0
100.72 4 3
100.73 3 4
100.75 0 4
100.77 2 2
100.78 2 1
100.80 13 1
100.82 3 26
100.83 3 3
100.85 3 3
100.87 3 3
100.88 3 3
100.90 10 3
