time left right acc
0.00 3 -4 0
0.02 3 -4 0
0.03 3 -4 0
0.05 3 -4 0
0.07 3 -3 0
0.08 3 -3 0
0.10 3 -3 0
0.12 3 -3 0
0.13 3 -3 0
0.15 3 -3 0
0.17 3 -3 0
0.18 3 -3 0
0.20 3 -3 0
0.22 3 -3 0
0.23 3 -3 0
0.25 3 -3 0
0.27 3 -3 0
0.28 3 -3 0
0.30 3 -3 0
0.32 3 -3 0
0.33 3 -3 0
0.35 3 -3 0
0.37 3 -3 0
0.38 3 -3 0
0.40 3 -3 0
0.42 3 -3 0
0.43 3 -3 0
0.45 3 -3 0
0.47 3 -3 0
0.48 3 -3 0
0.50 3 -3 0
0.52 3 -3 0
0.53 3 -3 0
0.55 3 -3 0
0.57 3 -3 0
0.58 3 -3 0
0.60 3 -3 0
0.62 3 -3 0
0.63 3 -3 0
0.65 4 -3 0
0.67 4 -3 0
0.68 4 -2 0
0.70 3 -2 0
0.72 3 -2 0
0.73 4 -3 0
0.75 3 -3 0
0.77 3 -4 0
0.78 3 -4 0
0.80 3 -4 0
0.82 3 -4 0
0.83 3 -4 0
0.85 3 -4 0
0.87 3 -4 0
0.88 3 -4 0
0.90 3 -3 0
0.92 3 -3 0
0.93 3 -3 0
0.95 3 -4 0
0.97 3 -4 0
0.98 3 -4 0
1.00 3 -3 0
1.02 3 -4 0
1.03 3 -4 0
1.05 3 -4 0
1.07 2 -4 0
1.08 2 -4 0
1.10 2 -4 0
1.12 2 -4 0
1.13 2 -4 0
1.15 2 -4 0
1.17 2 -4 0
1.18 3 -4 0
1.20 3 -4 0
1.22 3 -3 0
1.23 3 -3 0
1.25 3 -3 0
1.27 3 -3 0
1.28 3 -4 0
1.30 2 -4 0
1.32 2 -4 0
1.33 2 -4 0
1.35 2 -4 0
1.37 2 -2 1
1.38 2 0 3
1.40 2 3 3
1.42 3 5 2
1.43 5 8 4
1.45 7 9 3
1.47 8 11 1
1.48 9 12 2
1.50 9 13 0
1.52 9 13 0
1.53 10 13 0
1.55 9 14 0
1.57 8 14 0
1.58 8 14 0
1.60 8 15 0
1.62 8 15 0
1.63 8 15 0
1.65 8 16 0
1.67 8 16 0
1.68 7 16 0
1.70 7 17 0
1.72 7 17 0
1.73 6 18 0
1.75 5 18 0
1.77 5 18 0
1.78 4 19 0
1.80 3 19 0
1.82 2 18 0
1.83 1 18 0
1.85 -1 17 4
1.87 -3 15 3
1.88 -3 14 1
1.90 -3 13 1
1.92 -2 13 1
1.93 0 13 1
1.95 0 14 0
1.97 0 15 0
1.98 1 15 0
2.00 1 14 0
2.02 1 13 0
2.03 1 12 1
2.05 0 10 2
2.07 0 7 2
2.08 0 5 2
2.10 0 2 3
2.12 -1 0 2
2.13 -1 -3 2
2.15 -2 -5 2
2.17 -2 -7 1
2.18 -1 -9 1
2.20 0 -9 0
2.22 0 -8 1
2.23 4 -3 7
2.25 10 4 13
2.27 19 17 21
2.28 33 36 31
2.30 61 60 50
2.32 95 89 63
2.33 132 123 70
2.35 172 158 75
2.37 212 195 75
2.38 251 231 74
2.40 288 267 71
2.42 314 295 54
2.43 333 317 40
2.45 347 334 29
2.47 355 344 17
2.48 360 351 10
2.50 363 355 6
2.52 363 356 0
2.53 363 356 0
2.55 364 356 0
2.57 364 357 0
2.58 365 357 1
2.60 365 358 0
2.62 365 358 0
2.63 366 358 0
2.65 366 359 0
2.67 367 359 0
2.68 367 358 0
2.70 366 360 1
2.72 367 360 0
2.73 367 359 0
2.75 366 359 0
2.77 366 358 0
2.78 367 358 0
2.80 367 358 0
2.82 367 357 1
2.83 366 356 0
2.85 368 356 1
2.87 366 356 1
2.88 366 356 0
2.90 366 355 0
2.92 366 355 0
2.93 366 355 0
2.95 366 355 0
2.97 366 355 0
2.98 366 354 0
3.00 366 354 0
3.02 366 353 0
3.03 365 353 0
3.05 365 352 0
3.07 364 351 0
3.08 364 351 0
3.10 364 351 0
3.12 363 350 0
3.13 363 350 0
3.15 363 349 0
3.17 362 349 0
3.18 362 349 0
3.20 362 348 0
3.22 362 348 0
3.23 361 347 0
3.25 361 346 1
3.27 361 346 0
3.28 361 346 0
3.30 361 346 0
3.32 361 347 0
3.33 361 347 0
3.35 361 347 0
3.37 360 347 0
3.38 360 347 0
3.40 360 348 0
3.42 359 348 0
3.43 359 349 0
3.45 359 349 0
3.47 358 350 0
3.48 358 350 0
3.50 358 350 0
3.52 358 351 0
3.53 358 351 0
3.55 358 351 0
3.57 358 352 0
3.58 358 352 0
3.60 358 352 0
3.62 358 353 0
3.63 358 353 0
3.65 358 353 0
3.67 359 354 0
3.68 359 354 0
3.70 359 354 0
3.72 359 354 0
3.73 359 349 4
3.75 359 349 0
3.77 359 350 1
3.78 359 350 0
3.80 359 351 0
3.82 359 351 0
3.83 360 351 0
3.85 360 353 1
3.87 360 353 0
3.88 360 352 0
3.90 356 352 3
3.92 356 352 0
3.93 357 351 0
3.95 356 351 0
3.97 357 350 0
3.98 357 351 0
4.00 356 351 1
4.02 358 351 1
4.03 358 351 0
4.05 358 350 0
4.07 358 349 0
4.08 357 350 0
4.10 357 349 0
4.12 357 348 0
4.13 357 348 0
4.15 357 347 0
4.17 355 346 1
4.18 355 346 0
4.20 355 345 0
4.22 354 345 0
4.23 354 345 0
4.25 354 344 0
4.27 354 344 0
4.28 354 348 4
4.30 354 348 0
4.32 354 347 1
4.33 353 347 0
4.35 353 346 1
4.37 353 346 0
4.38 353 346 0
4.40 353 344 1
4.42 353 344 0
4.43 353 345 0
4.45 353 345 0
4.47 353 345 0
4.48 354 345 0
4.50 353 346 0
4.52 353 346 0
4.53 352 346 0
4.55 352 346 0
4.57 352 347 0
4.58 351 347 0
4.60 351 348 0
4.62 351 348 0
4.63 351 348 0
4.65 352 349 0
4.67 352 349 0
4.68 351 349 0
4.70 352 349 0
4.72 352 349 0
4.73 352 350 0
4.75 352 350 0
4.77 352 351 1
4.78 352 351 0
4.80 353 350 0
4.82 353 350 0
4.83 353 350 0
4.85 353 350 0
4.87 353 349 0
4.88 353 349 0
4.90 353 348 0
4.92 353 348 0
4.93 350 348 3
4.95 349 348 0
4.97 350 347 0
4.98 350 347 0
5.00 351 345 1
5.02 351 346 0
5.03 350 346 0
5.05 352 346 2
5.07 352 346 0
5.08 352 346 0
5.10 352 345 0
5.12 351 345 0
5.13 351 344 1
5.15 351 343 0
5.17 350 343 0
5.18 349 342 0
5.20 349 341 0
5.22 348 341 0
5.23 348 341 0
5.25 347 340 0
5.27 346 340 0
5.28 346 339 0
5.30 345 339 0
5.32 345 339 0
5.33 345 339 0
5.35 345 339 0
5.37 344 339 0
5.38 344 339 0
5.40 344 339 0
5.42 344 339 0
5.43 343 339 0
5.45 343 339 0
5.47 345 340 1
5.48 344 340 0
5.50 344 340 0
5.52 343 341 0
5.53 342 341 0
5.55 342 341 0
5.57 342 342 0
5.58 342 342 0
5.60 342 343 0
5.62 342 343 0
5.63 342 343 0
5.65 342 343 0
5.67 342 343 0
5.68 342 343 0
5.70 344 343 1
5.72 343 343 0
5.73 343 343 0
5.75 343 343 0
5.77 341 343 1
5.78 338 340 5
5.80 332 338 7
5.82 322 335 11
5.83 308 327 22
5.85 288 315 31
5.87 261 299 42
5.88 229 276 53
5.90 196 249 60
5.92 164 215 65
5.93 133 178 66
5.95 108 146 57
5.97 86 116 50
5.98 65 90 45
6.00 49 69 36
6.02 37 52 28
6.03 28 39 22
6.05 21 29 15
6.07 14 20 14
6.08 9 14 11
6.10 5 9 8
6.12 2 4 6
6.13 0 0 5
6.15 0 -2 3
6.17 -1 -4 2
6.18 -2 -5 1
6.20 -1 -6 1
6.22 -1 -7 0
6.23 0 -8 0
6.25 0 -7 0
6.27 0 -7 0
6.28 0 -7 0
6.30 1 -7 0
6.32 1 -6 0
6.33 1 -6 0
6.35 2 -5 0
6.37 2 -5 0
6.38 2 -5 0
6.40 2 -4 0
6.42 2 -4 0
6.43 2 -4 0
6.45 2 -3 0
6.47 1 -3 0
6.48 1 -3 0
6.50 0 -3 0
6.52 0 -3 0
6.53 0 -4 0
6.55 0 -4 0
6.57 0 -4 0
6.58 0 -4 0
6.60 0 -4 0
6.62 0 -3 0
6.63 0 -3 0
6.65 1 -3 0
6.67 2 -3 0
6.68 2 -4 0
6.70 1 -6 1
6.72 -1 -10 6
6.73 -7 -18 14
6.75 -18 -33 25
6.77 -34 -52 34
6.78 -54 -74 42
6.80 -78 -99 49
6.82 -111 -126 58
6.83 -145 -154 62
6.85 -173 -190 62
6.87 -195 -219 51
6.88 -227 -256 68
6.90 -258 -291 65
6.92 -284 -321 54
6.93 -307 -349 50
6.95 -323 -372 38
6.97 -340 -387 31
6.98 -355 -399 26
7.00 -361 -404 10
7.02 -365 -409 8
7.03 -368 -410 3
7.05 -371 -411 3
7.07 -371 -411 0
7.08 -370 -411 0
7.10 -369 -411 0
7.12 -368 -411 0
7.13 -368 -410 0
7.15 -368 -409 0
7.17 -367 -409 1
7.18 -367 -407 1
7.20 -367 -406 1
7.22 -367 -406 0
7.23 -367 -406 0
7.25 -367 -405 0
7.27 -367 -405 0
7.28 -368 -405 0
7.30 -368 -405 0
7.32 -367 -405 0
7.33 -367 -404 0
7.35 -368 -404 0
7.37 -368 -404 0
7.38 -367 -404 0
7.40 -367 -404 0
7.42 -367 -404 0
7.43 -367 -404 0
7.45 -367 -404 0
7.47 -366 -404 0
7.48 -366 -404 0
7.50 -365 -405 1
7.52 -365 -406 0
7.53 -364 -406 0
7.55 -364 -406 0
7.57 -364 -406 0
7.58 -365 -407 0
7.60 -366 -408 1
7.62 -366 -408 0
7.63 -366 -409 0
7.65 -367 -409 0
7.67 -367 -410 1
7.68 -368 -411 0
7.70 -368 -410 0
7.72 -368 -410 0
7.73 -368 -410 0
7.75 -368 -410 0
7.77 -368 -411 0
7.78 -368 -410 0
7.80 -363 -410 4
7.82 -363 -410 0
7.83 -363 -410 0
7.85 -362 -410 1
7.87 -363 -410 0
7.88 -363 -410 0
7.90 -363 -410 0
7.92 -365 -412 4
7.93 -365 -411 1
7.95 -365 -411 0
7.97 -365 -410 0
7.98 -365 -409 1
8.00 -365 -409 0
8.02 -365 -408 0
8.03 -365 -406 1
8.05 -365 -406 0
8.07 -365 -405 0
8.08 -364 -404 0
8.10 -363 -404 0
8.12 -363 -402 1
8.13 -362 -402 0
8.15 -361 -402 0
8.17 -361 -402 0
8.18 -360 -401 0
8.20 -360 -401 0
8.22 -360 -401 0
8.23 -360 -401 0
8.25 -360 -401 0
8.27 -359 -401 0
8.28 -359 -400 0
8.30 -359 -400 0
8.32 -359 -400 0
8.33 -359 -400 0
8.35 -360 -400 1
8.37 -360 -400 0
8.38 -360 -400 0
8.40 -360 -400 0
8.42 -361 -401 0
8.43 -361 -401 0
8.45 -361 -402 0
8.47 -361 -402 0
8.48 -361 -402 0
8.50 -361 -403 0
8.52 -361 -404 1
8.53 -362 -405 0
8.55 -362 -405 0
8.57 -362 -405 0
8.58 -363 -407 1
8.60 -363 -407 0
8.62 -363 -407 0
8.63 -363 -407 0
8.65 -363 -406 0
8.67 -363 -406 0
8.68 -363 -407 0
8.70 -362 -406 0
8.72 -362 -406 0
8.73 -362 -406 0
8.75 -362 -406 0
8.77 -362 -406 0
8.78 -362 -407 0
8.80 -362 -407 0
8.82 -361 -407 0
8.83 -361 -404 2
8.85 -360 -404 0
8.87 -360 -403 0
8.88 -360 -403 0
8.90 -360 -403 0
8.92 -360 -402 0
8.93 -360 -402 0
8.95 -359 -402 0
8.97 -359 -402 0
8.98 -359 -402 0
9.00 -358 -401 0
9.02 -358 -400 0
9.03 -358 -400 0
9.05 -359 -398 1
9.07 -358 -398 0
9.08 -358 -398 0
9.10 -357 -398 0
9.12 -356 -398 0
9.13 -356 -397 0
9.15 -356 -397 0
9.17 -355 -397 0
9.18 -354 -397 0
9.20 -354 -396 0
9.22 -354 -396 0
9.23 -354 -396 0
9.25 -354 -396 0
9.27 -353 -396 0
9.28 -355 -396 1
9.30 -355 -396 0
9.32 -355 -397 0
9.33 -355 -397 0
9.35 -354 -396 1
9.37 -354 -396 0
9.38 -355 -397 1
9.40 -354 -398 0
9.42 -354 -399 1
9.43 -354 -400 1
9.45 -354 -401 1
9.47 -354 -402 0
9.48 -354 -402 0
9.50 -354 -402 0
9.52 -355 -403 0
9.53 -355 -403 0
9.55 -355 -403 0
9.57 -355 -402 0
9.58 -356 -402 0
9.60 -356 -403 0
9.62 -356 -403 0
9.63 -356 -403 0
9.65 -356 -403 0
9.67 -357 -403 0
9.68 -357 -403 0
9.70 -356 -403 0
9.72 -357 -403 0
9.73 -356 -402 0
9.75 -356 -402 0
9.77 -356 -400 2
9.78 -356 -400 0
9.80 -356 -401 0
9.82 -353 -400 2
9.83 -353 -400 0
9.85 -353 -400 0
9.87 -352 -399 0
9.88 -353 -399 0
9.90 -352 -398 0
9.92 -352 -398 0
9.93 -353 -397 0
9.95 -353 -396 0
9.97 -353 -396 0
9.98 -353 -395 1
10.00 -352 -395 0
10.02 -352 -395 0
10.03 -352 -395 0
10.05 -352 -394 0
10.07 -352 -394 0
10.08 -353 -394 0
10.10 -352 -394 0
10.12 -352 -392 1
10.13 -351 -392 0
10.15 -350 -392 0
10.17 -350 -392 0
10.18 -349 -392 0
10.20 -349 -392 0
10.22 -348 -392 0
10.23 -348 -393 0
10.25 -348 -393 0
10.27 -347 -394 0
10.28 -347 -394 0
10.30 -346 -394 0
10.32 -346 -395 0
10.33 -346 -397 1
10.35 -347 -399 3
10.37 -347 -399 0
10.38 -346 -398 0
10.40 -347 -398 0
10.42 -347 -400 1
10.43 -347 -399 0
10.45 -347 -398 1
10.47 -347 -397 0
10.48 -348 -397 0
10.50 -348 -396 0
10.52 -349 -396 0
10.53 -348 -394 1
10.55 -344 -393 4
10.57 -336 -392 9
10.58 -321 -391 16
10.60 -295 -383 34
10.62 -264 -366 46
10.63 -233 -343 53
10.65 -199 -316 60
10.67 -167 -285 61
10.68 -137 -247 66
10.70 -110 -210 63
10.72 -88 -177 54
10.73 -68 -150 46
10.75 -50 -126 40
10.77 -35 -104 37
10.78 -22 -82 35
10.80 -10 -64 28
10.82 -1 -49 24
10.83 6 -36 20
10.85 11 -24 16
10.87 15 -14 13
10.88 17 -6 9
10.90 18 -1 6
10.92 18 2 3
10.93 18 4 2
10.95 16 5 2
10.97 14 6 1
10.98 12 6 2
11.00 10 5 2
11.02 8 5 1
11.03 6 4 1
11.05 5 3 1
11.07 4 2 1
11.08 3 1 0
11.10 2 1 0
11.12 2 0 0
11.13 1 0 0
11.15 1 0 0
11.17 2 0 0
11.18 2 0 0
11.20 2 0 0
11.22 2 0 0
11.23 3 0 0
11.25 3 -1 0
11.27 3 -1 0
11.28 3 -1 0
11.30 4 -1 0
11.32 4 -2 0
11.33 4 -2 0
11.35 5 -2 0
11.37 5 -3 0
11.38 5 -3 0
11.40 6 -3 0
11.42 6 -3 0
11.43 6 -3 0
11.45 6 -3 0
11.47 7 -3 0
11.48 7 -3 0
11.50 6 -3 0
11.52 6 -3 0
11.53 6 -3 0
11.55 5 -3 0
11.57 5 -2 0
11.58 4 -2 0
11.60 3 -2 1
11.62 2 -1 0
11.63 1 -1 0
11.65 0 -1 0
11.67 0 -1 0
11.68 0 -1 0
11.70 0 -1 0
11.72 1 -1 1
11.73 2 -3 2
11.75 5 -7 5
11.77 9 -13 10
11.78 16 -23 15
11.80 26 -36 22
11.82 38 -53 29
11.83 56 -74 37
11.85 78 -98 46
11.87 123 -137 83
11.88 170 -174 84
11.90 209 -204 67
11.92 242 -248 76
11.93 277 -288 74
11.95 305 -322 62
11.97 328 -352 51
11.98 337 -367 24
12.00 340 -380 15
12.02 344 -391 14
12.03 348 -394 5
12.05 347 -395 1
12.07 347 -395 0
12.08 346 -394 0
12.10 346 -394 0
12.12 346 -393 0
12.13 346 -392 0
12.15 346 -392 0
12.17 345 -392 0
12.18 345 -391 0
12.20 345 -391 0
12.22 345 -391 0
12.23 345 -391 0
12.25 344 -391 0
12.27 344 -391 0
12.28 344 -391 0
12.30 345 -391 0
12.32 345 -391 0
12.33 345 -391 0
12.35 345 -392 0
12.37 344 -390 1
12.38 344 -390 0
12.40 344 -391 0
12.42 343 -392 0
12.43 343 -393 1
12.45 343 -394 0
12.47 343 -395 1
12.48 343 -398 2
12.50 343 -398 0
12.52 344 -398 0
12.53 344 -400 1
12.55 344 -399 0
12.57 344 -399 0
12.58 344 -399 0
12.60 344 -398 0
12.62 344 -398 0
12.63 345 -398 0
12.65 345 -398 0
12.67 345 -398 0
12.68 345 -398 0
12.70 345 -398 0
12.72 345 -398 0
12.73 346 -398 0
12.75 346 -398 0
12.77 346 -398 0
12.78 346 -399 1
12.80 347 -398 1
12.82 347 -398 0
12.83 346 -398 0
12.85 346 -397 0
12.87 345 -397 0
12.88 346 -396 0
12.90 346 -395 1
12.92 344 -394 1
12.93 344 -394 0
12.95 344 -393 0
12.97 344 -392 0
12.98 344 -391 0
13.00 344 -390 1
13.02 343 -390 0
13.03 343 -389 0
13.05 343 -389 0
13.07 342 -389 0
13.08 342 -388 0
13.10 342 -388 0
13.12 341 -389 0
13.13 341 -388 0
13.15 340 -387 0
13.17 340 -387 0
13.18 340 -387 0
13.20 339 -387 0
13.22 339 -387 0
13.23 339 -387 0
13.25 339 -387 0
13.27 338 -387 0
13.28 338 -388 0
13.30 337 -388 0
13.32 337 -389 0
13.33 337 -390 0
13.35 337 -389 0
13.37 336 -390 0
13.38 336 -390 0
13.40 335 -391 1
13.42 336 -393 2
13.43 336 -394 0
13.45 336 -394 0
13.47 336 -394 0
13.48 335 -393 0
13.50 335 -394 0
13.52 335 -394 0
13.53 335 -394 0
13.55 335 -394 0
13.57 335 -394 0
13.58 335 -394 0
13.60 336 -394 1
13.62 337 -394 0
13.63 337 -394 0
13.65 336 -394 0
13.67 336 -394 0
13.68 336 -394 0
13.70 337 -394 0
13.72 337 -394 0
13.73 336 -393 0
13.75 337 -393 0
13.77 337 -387 5
13.78 338 -387 0
13.80 338 -388 1
13.82 339 -388 0
13.83 339 -389 1
13.85 339 -389 0
13.87 339 -387 1
13.88 341 -390 3
13.90 339 -389 2
13.92 339 -388 0
13.93 339 -388 0
13.95 339 -384 3
13.97 339 -383 1
13.98 339 -383 0
14.00 337 -383 1
14.02 339 -384 1
14.03 338 -383 0
14.05 338 -383 0
14.07 338 -384 1
14.08 338 -384 0
14.10 338 -384 0
14.12 339 -384 0
14.13 339 -384 0
14.15 340 -384 0
14.17 340 -383 0
14.18 340 -383 0
14.20 340 -384 0
14.22 339 -384 0
14.23 338 -384 1
14.25 337 -384 0
14.27 335 -384 1
14.28 334 -382 3
14.30 333 -382 0
14.32 332 -383 2
14.33 332 -384 0
14.35 331 -385 1
14.37 330 -387 1
14.38 330 -388 1
14.40 330 -390 2
14.42 329 -390 0
14.43 329 -391 0
14.45 329 -391 0
14.47 330 -391 0
14.48 331 -391 0
14.50 330 -390 0
14.52 329 -390 1
14.53 328 -390 0
14.55 328 -390 0
14.57 328 -390 0
14.58 327 -390 0
14.60 326 -391 0
14.62 326 -391 0
14.63 325 -390 0
14.65 325 -390 0
14.67 326 -388 1
14.68 326 -389 0
14.70 327 -383 5
14.72 327 -382 0
14.73 328 -384 1
14.75 328 -384 0
14.77 329 -384 0
14.78 329 -385 0
14.80 329 -384 0
14.82 330 -386 2
14.83 330 -386 0
14.85 330 -385 0
14.87 331 -380 4
14.88 331 -378 1
14.90 331 -379 0
14.92 332 -379 0
14.93 332 -380 0
14.95 332 -380 0
14.97 332 -379 0
14.98 333 -381 2
15.00 333 -381 0
15.02 333 -381 0
15.03 333 -380 0
15.05 333 -380 0
15.07 333 -380 0
15.08 333 -379 0
15.10 332 -379 1
15.12 332 -379 0
15.13 331 -378 0
15.15 331 -377 0
15.17 330 -377 0
15.18 330 -376 0
15.20 328 -375 1
15.22 326 -371 6
15.23 320 -363 13
15.25 310 -349 22
15.27 286 -323 50
15.28 255 -289 64
15.30 220 -254 70
15.32 186 -219 69
15.33 152 -183 68
15.35 120 -150 63
15.37 91 -121 57
15.38 69 -97 44
15.40 52 -79 34
15.42 41 -63 26
15.43 31 -48 23
15.45 24 -37 17
15.47 19 -28 14
15.48 16 -19 11
15.50 13 -13 8
15.52 12 -7 6
15.53 10 -3 5
15.55 9 0 4
15.57 8 1 2
15.58 8 3 1
15.60 8 4 1
15.62 7 5 0
15.63 7 5 0
15.65 7 5 0
15.67 7 5 0
15.68 6 4 0
15.70 6 4 0
15.72 5 3 0
15.73 4 2 0
15.75 3 1 0
15.77 2 0 1
15.78 1 0 2
15.80 0 -1 1
15.82 -1 -1 1
15.83 -2 -2 1
15.85 -3 -2 0
15.87 -4 -3 0
15.88 -4 -3 0
15.90 -4 -3 0
15.92 -3 -3 0
15.93 -2 -3 0
15.95 0 -3 1
15.97 0 -3 1
15.98 2 -3 1
16.00 4 -3 1
16.02 5 -3 1
16.03 7 -3 1
16.05 9 -3 1
16.07 10 -3 1
16.08 11 -3 0
16.10 11 -2 0
16.12 11 -1 1
16.13 7 4 8
16.15 3 13 12
16.17 -3 26 19
16.18 -28 55 53
16.20 -57 88 62
16.22 -89 123 65
16.23 -123 161 71
16.25 -158 199 72
16.27 -195 236 73
16.28 -229 271 68
16.30 -254 298 51
16.32 -276 314 37
16.33 -294 326 29
16.35 -308 334 22
16.37 -317 339 13
16.38 -323 341 7
16.40 -327 341 3
16.42 -330 338 4
16.43 -331 338 1
16.45 -331 338 0
16.47 -331 338 0
16.48 -331 337 0
16.50 -331 336 1
16.52 -331 336 0
16.53 -331 335 0
16.55 -331 335 0
16.57 -331 336 0
16.58 -331 336 0
16.60 -331 336 0
16.62 -330 336 0
16.63 -330 336 0
16.65 -329 337 0
16.67 -329 337 0
16.68 -329 337 0
16.70 -329 338 0
16.72 -328 338 0
16.73 -328 338 0
16.75 -328 338 0
16.77 -328 338 0
16.78 -328 339 0
16.80 -327 340 0
16.82 -327 340 0
16.83 -327 340 0
16.85 -326 341 0
16.87 -327 342 0
16.88 -328 342 1
16.90 -326 342 1
16.92 -326 342 0
16.93 -325 342 0
16.95 -324 343 0
16.97 -324 343 0
16.98 -323 343 0
17.00 -322 344 1
17.02 -322 342 1
17.03 -321 342 0
17.05 -321 343 0
17.07 -321 342 0
17.08 -321 342 0
17.10 -321 342 0
17.12 -321 342 0
17.13 -322 342 0
17.15 -322 342 0
17.17 -322 341 0
17.18 -322 341 0
17.20 -322 341 0
17.22 -322 340 0
17.23 -322 340 0
17.25 -323 340 1
17.27 -323 337 3
17.28 -323 335 1
17.30 -323 335 0
17.32 -323 335 0
17.33 -323 336 0
17.35 -323 335 0
17.37 -323 335 0
17.38 -323 336 0
17.40 -323 336 0
17.42 -322 335 0
17.43 -322 335 0
17.45 -321 335 0
17.47 -322 334 0
17.48 -322 334 0
17.50 -322 334 0
17.52 -322 333 0
17.53 -323 333 0
17.55 -324 332 0
17.57 -324 332 0
17.58 -324 330 1
17.60 -324 330 0
17.62 -324 331 0
17.63 -324 331 0
17.65 -324 331 0
17.67 -324 331 0
17.68 -324 331 0
17.70 -324 332 0
17.72 -324 332 0
17.73 -324 332 0
17.75 -324 333 0
17.77 -323 333 0
17.78 -323 333 0
17.80 -323 334 0
17.82 -323 334 0
17.83 -322 334 0
17.85 -322 335 0
17.87 -321 335 0
17.88 -321 336 0
17.90 -321 336 0
17.92 -321 336 0
17.93 -320 337 0
17.95 -320 338 0
17.97 -320 338 0
17.98 -320 338 0
18.00 -320 338 0
18.02 -320 338 0
18.03 -320 338 0
18.05 -320 339 0
18.07 -319 339 0
18.08 -318 340 1
18.10 -317 339 0
18.12 -316 339 0
18.13 -316 339 0
18.15 -315 339 0
18.17 -315 338 0
18.18 -315 338 0
18.20 -315 337 0
18.22 -314 337 0
18.23 -314 337 0
18.25 -314 336 0
18.27 -313 336 0
18.28 -314 336 0
18.30 -314 336 0
18.32 -314 335 0
18.33 -314 337 1
18.35 -315 339 1
18.37 -315 338 0
18.38 -315 338 0
18.40 -315 337 0
18.42 -315 336 1
18.43 -316 336 0
18.45 -315 334 1
18.47 -314 332 1
18.48 -314 332 0
18.50 -313 331 0
18.52 -313 331 0
18.53 -314 331 0
18.55 -314 330 0
18.57 -314 330 0
18.58 -315 330 0
18.60 -315 329 0
18.62 -315 329 0
18.63 -316 328 0
18.65 -316 331 2
18.67 -316 333 2
18.68 -317 333 0
18.70 -317 332 0
18.72 -317 331 0
18.73 -317 330 0
18.75 -317 331 0
18.77 -317 329 1
18.78 -317 328 1
18.80 -317 329 0
18.82 -316 329 0
18.83 -316 329 0
18.85 -315 330 0
18.87 -315 330 0
18.88 -313 331 1
18.90 -312 331 1
18.92 -312 331 0
18.93 -312 331 0
18.95 -312 332 0
18.97 -313 332 0
18.98 -312 332 0
19.00 -313 333 0
19.02 -313 333 0
19.03 -313 334 0
19.05 -312 334 0
19.07 -312 334 0
19.08 -312 334 0
19.10 -311 334 0
19.12 -311 334 0
19.13 -312 335 1
19.15 -313 334 0
19.17 -312 334 0
19.18 -311 334 0
19.20 -311 334 0
19.22 -310 334 0
19.23 -310 334 0
19.25 -308 333 1
19.27 -308 333 0
19.28 -308 333 0
19.30 -308 333 0
19.32 -308 332 0
19.33 -307 332 0
19.35 -307 332 0
19.37 -307 332 0
19.38 -307 331 0
19.40 -308 329 1
19.42 -308 330 1
19.43 -307 331 0
19.45 -307 330 0
19.47 -307 330 0
19.48 -307 330 0
19.50 -307 329 0
19.52 -307 330 0
19.53 -307 328 1
19.55 -307 327 0
19.57 -308 327 0
19.58 -308 327 0
19.60 -308 326 0
19.62 -308 326 0
19.63 -308 325 0
19.65 -308 325 0
19.67 -309 325 0
19.68 -309 324 0
19.70 -309 324 0
19.72 -309 324 0
19.73 -310 320 4
19.75 -310 320 0
19.77 -310 320 0
19.78 -310 320 0
19.80 -310 321 1
19.82 -311 322 0
19.83 -310 321 0
19.85 -311 324 2
19.87 -311 324 0
19.88 -310 324 0
19.90 -310 324 0
19.92 -310 324 0
19.93 -310 325 0
19.95 -310 326 0
19.97 -309 326 0
19.98 -309 326 0
20.00 -309 327 0
20.02 -307 328 1
20.03 -306 328 1
20.05 -307 328 1
20.07 -307 328 0
20.08 -307 329 0
20.10 -307 329 0
20.12 -306 329 0
20.13 -307 329 0
20.15 -307 330 0
20.17 -306 330 1
20.18 -306 330 0
20.20 -305 330 0
20.22 -305 331 0
20.23 -304 329 1
20.25 -303 329 0
20.27 -303 330 0
20.28 -302 329 0
20.30 -301 329 1
20.32 -299 329 2
20.33 -296 328 3
20.35 -292 328 3
20.37 -288 327 4
20.38 -284 326 5
20.40 -278 324 7
20.42 -271 320 9
20.43 -262 311 18
20.45 -248 298 26
20.47 -220 279 46
20.48 -188 254 57
20.50 -157 221 62
20.52 -129 185 63
20.53 -107 147 59
20.55 -85 119 49
20.57 -65 95 43
20.58 -49 67 42
20.60 -37 43 35
20.62 -27 25 28
20.63 -18 11 22
20.65 -9 3 16
20.67 -2 -4 15
20.68 3 -11 13
20.70 7 -13 5
20.72 10 -14 3
20.73 13 -13 2
20.75 14 -12 2
20.77 15 -10 1
20.78 16 -8 1
20.80 15 -7 1
20.82 15 -5 1
20.83 13 -4 2
20.85 12 -3 2
20.87 11 -2 1
20.88 9 -2 1
20.90 7 -1 1
20.92 6 -1 1
20.93 4 -2 1
20.95 3 -2 0
20.97 2 -3 0
20.98 2 -4 0
21.00 2 -5 0
21.02 1 -6 1
21.03 1 -7 0
21.05 1 -8 0
21.07 2 -8 0
21.08 2 -9 0
21.10 2 -9 0
21.12 3 -10 0
21.13 3 -10 0
21.15 3 -10 0
21.17 4 -10 0
21.18 4 -10 0
21.20 4 -11 0
21.22 4 -11 0
21.23 4 -11 0
21.25 5 -11 0
21.27 5 -10 0
21.28 5 -10 0
21.30 5 -9 0
21.32 5 -8 0
21.33 5 -7 0
21.35 5 -7 0
21.37 5 -6 0
21.38 5 -6 0
21.40 5 -5 0
21.42 5 -5 0
21.43 4 -4 0
21.45 4 -4 0
21.47 4 -4 0
21.48 3 -4 0
21.50 3 -3 0
21.52 3 -3 0
21.53 2 -3 0
21.55 2 -3 0
21.57 2 -3 0
21.58 2 -3 0
21.60 2 -3 0
21.62 2 -3 0
21.63 2 -3 0
21.65 2 -4 0
21.67 2 -4 0
21.68 2 -3 0
21.70 2 -3 0
21.72 2 -2 0
21.73 2 -2 0
21.75 2 -1 0
21.77 2 -1 0
21.78 2 -2 1
21.80 2 -4 1
21.82 3 -6 1
21.83 3 -8 1
21.85 3 -9 1
21.87 4 -10 1
21.88 4 -10 0
21.90 5 -10 0
21.92 5 -9 0
21.93 5 -8 1
21.95 5 -7 1
21.97 6 -5 1
21.98 5 -4 1
22.00 5 -2 1
22.02 5 -1 0
22.03 5 -1 0
22.05 5 0 0
22.07 4 0 0
22.08 4 0 0
22.10 4 0 0
22.12 3 0 0
22.13 3 0 0
22.15 3 0 0
22.17 3 0 0
22.18 2 0 0
22.20 2 0 0
22.22 2 0 0
22.23 2 -1 0
22.25 2 -1 0
22.27 2 -1 0
22.28 2 -2 0
22.30 2 -2 0
22.32 2 -2 0
22.33 2 -2 0
22.35 2 -2 0
22.37 2 -2 0
22.38 2 -2 0
22.40 3 -3 0
22.42 3 -3 0
22.43 3 -3 0
22.45 3 -3 0
22.47 4 -4 0
22.48 4 -4 0
22.50 4 -4 0
22.52 4 -4 0
22.53 4 -4 0
22.55 4 -5 0
22.57 3 -5 0
22.58 3 -5 0
22.60 3 -5 0
22.62 3 -5 0
22.63 3 -5 0
22.65 3 -5 0
22.67 3 -4 0
22.68 3 -4 0
22.70 3 -4 0
22.72 3 -4 0
22.73 3 -4 0
22.75 3 -3 0
22.77 3 -3 0
22.78 3 -3 0
22.80 3 -3 0
22.82 3 -3 0
22.83 3 -3 0
22.85 3 -3 0
22.87 3 -3 0
22.88 3 -3 0
22.90 3 -3 0
22.92 3 -3 0
22.93 3 -3 0
22.95 3 -3 0
22.97 3 -3 0
22.98 2 -3 0
23.00 2 -3 0
23.02 2 -4 0
23.03 2 -4 0
23.05 2 -4 0
23.07 3 -4 0
23.08 3 -4 0
23.10 3 -4 0
23.12 3 -4 0
23.13 3 -3 0
23.15 3 -3 0
23.17 3 -3 0
23.18 3 -3 0
23.20 3 -3 0
23.22 3 -3 0
23.23 3 -3 0
23.25 3 -3 0
23.27 3 -3 0
23.28 3 -3 0
23.30 3 -3 0
23.32 3 -3 0
23.33 3 -3 0
23.35 3 -3 0
23.37 3 -3 0
23.38 3 -3 0
23.40 3 -3 0
23.42 3 -3 0
23.43 3 -3 0
23.45 3 -4 0
23.47 3 -4 0
23.48 3 -4 0
23.50 3 -4 0
23.52 3 -4 0
23.53 3 -4 0
23.55 3 -3 0
23.57 3 -3 0
23.58 3 -3 0
23.60 3 -3 0
23.62 3 -3 0
23.63 3 -3 0
23.65 3 -3 0
23.67 3 -3 0
23.68 3 -3 0
23.70 3 -3 0
23.72 3 -3 0
23.73 3 -3 0
23.75 3 -3 0
23.77 3 -3 0
23.78 3 -3 0
23.80 3 -3 0
23.82 3 -3 0
23.83 3 -3 0
23.85 3 -3 0
23.87 3 -3 0
23.88 3 -3 0
23.90 3 -3 0
23.92 3 -3 0
23.93 3 -3 0
23.95 3 -3 0
23.97 3 -3 0
23.98 3 -3 0
24.00 3 -3 0
24.02 3 -3 0
24.03 3 -3 0
24.05 3 -3 0
24.07 3 -3 0
24.08 3 -3 0
24.10 3 -3 0
24.12 3 -3 0
24.13 3 -3 0
24.15 3 -3 0
24.17 3 -3 0
24.18 3 -3 0
24.20 3 -3 0
24.22 3 -3 0
24.23 3 -3 0
24.25 3 -3 0
24.27 3 -3 0
24.28 3 -3 0
24.30 3 -3 0
24.32 3 -3 0
24.33 3 -3 0
24.35 3 -3 0
24.37 3 -3 0
24.38 3 -3 0
24.40 2 -3 0
24.42 3 -3 0
24.43 2 -3 0
24.45 3 -3 0
24.47 3 -3 0
24.48 3 -3 0
24.50 3 -3 0
24.52 3 -3 0
24.53 3 -3 0
24.55 3 -3 0
24.57 3 -3 0
24.58 3 -3 0
24.60 3 -3 0
24.62 3 -3 0
24.63 3 -3 0
24.65 3 -3 0
24.67 3 -3 0
24.68 3 -3 0
24.70 3 -3 0
24.72 3 -3 0
24.73 3 -3 0
24.75 3 -3 0
24.77 3 -3 0
24.78 3 -3 0
24.80 3 -3 0
24.82 3 -3 0
24.83 3 -3 0
24.85 3 -3 0
24.87 3 -3 0
24.88 3 -3 0
24.90 3 -3 0
24.92 3 -3 0
24.93 3 -3 0
24.95 3 -3 0
24.97 3 -3 0
24.98 3 -3 0
25.00 3 -3 0
25.02 3 -3 0
25.03 3 -3 0
25.05 3 -4 0
25.07 2 -4 0
25.08 2 -4 0
25.10 2 -3 0
25.12 3 -3 0
25.13 3 -3 0
25.15 3 -3 0
25.17 3 -3 0
25.18 3 -3 0
25.20 3 -3 0
25.22 3 -3 0
25.23 3 -3 0
25.25 3 -3 0
25.27 3 -3 0
25.28 3 -3 0
25.30 3 -3 0
25.32 3 -3 0
25.33 3 -4 0
25.35 3 -4 0
25.37 3 -4 0
25.38 3 -4 0
25.40 3 -4 0
25.42 3 -4 0
25.43 4 -3 0
25.45 4 -3 0
25.47 4 -3 0
25.48 4 -3 0
25.50 3 -3 0
25.52 3 -3 0
25.53 3 -3 0
25.55 3 -3 0
25.57 3 -3 0
25.58 3 -3 0
25.60 3 -3 0
25.62 3 -3 0
25.63 3 -3 0
25.65 3 -3 0
25.67 3 -3 0
25.68 3 -3 0
25.70 3 -3 0
25.72 3 -3 0
25.73 3 -3 0
25.75 3 -3 0
25.77 3 -3 0
25.78 3 -3 0
25.80 3 -3 0
25.82 3 -3 0
25.83 3 -3 0
25.85 3 -3 0
25.87 4 -3 0
25.88 4 -3 0
25.90 4 -3 0
25.92 4 -3 0
25.93 4 -3 0
25.95 4 -3 0
25.97 4 -3 0
25.98 4 -3 0
26.00 4 -3 0
26.02 3 -3 0
26.03 3 -3 0
26.05 3 -3 0
26.07 3 -3 0
26.08 3 -3 0
26.10 3 -3 0
26.12 3 -3 0
26.13 3 -3 0
26.15 2 -3 0
26.17 2 -3 0
26.18 3 -3 0
26.20 3 -3 0
26.22 3 -3 0
26.23 3 -3 0
26.25 3 -3 0
26.27 3 -3 0
26.28 3 -3 0
26.30 3 -3 0
26.32 3 -3 0
26.33 3 -4 0
26.35 3 -4 0
26.37 3 -4 0
26.38 3 -4 0
26.40 3 -4 0
26.42 3 -3 0
26.43 3 -3 0
26.45 3 -3 0
26.47 3 -3 0
26.48 3 -3 0
26.50 3 -3 0
26.52 3 -3 0
26.53 3 -3 0
26.55 3 -3 0
26.57 3 -3 0
26.58 2 -3 0
26.60 2 -3 0
26.62 2 -3 0
26.63 2 -3 0
26.65 2 -3 0
26.67 2 -3 0
26.68 2 -3 0
26.70 2 -3 0
26.72 2 -3 0
26.73 2 -3 0
26.75 3 -3 0
26.77 3 -3 0
26.78 3 -3 0
26.80 3 -3 0
26.82 3 -3 0
26.83 3 -3 0
26.85 3 -3 0
26.87 3 -3 0
26.88 3 -3 0
26.90 4 -3 0
26.92 4 -3 0
26.93 4 -4 0
26.95 4 -4 0
26.97 4 -4 0
26.98 4 -4 0
27.00 3 -4 0
27.02 3 -4 0
27.03 3 -4 0
27.05 3 -4 0
27.07 3 -4 0
27.08 3 -4 0
27.10 3 -4 0
27.12 2 -4 0
27.13 2 -4 0
27.15 2 -3 0
27.17 2 -3 0
27.18 2 -3 0
27.20 2 -3 0
27.22 2 -3 0
27.23 2 -3 0
27.25 2 -3 0
27.27 2 -3 0
27.28 2 -3 0
27.30 3 -3 0
27.32 3 -3 0
27.33 3 -3 0
27.35 3 -3 0
27.37 3 -3 0
27.38 3 -3 0
27.40 3 -3 0
27.42 3 -3 0
27.43 3 -3 0
27.45 3 -3 0
27.47 3 -3 0
27.48 3 -3 0
27.50 3 -3 0
27.52 3 -3 0
27.53 3 -3 0
27.55 3 -4 0
27.57 3 -4 0
27.58 3 -3 0
27.60 3 -3 0
27.62 3 -3 0
27.63 3 -3 0
27.65 2 -3 0
27.67 2 -3 0
27.68 3 -3 0
27.70 2 -3 0
27.72 3 -3 0
27.73 3 -3 0
27.75 3 -3 0
27.77 3 -3 0
27.78 3 -3 0
27.80 3 -3 0
27.82 3 -3 0
27.83 3 -3 0
27.85 3 -3 0
27.87 3 -3 0
27.88 3 -3 0
27.90 3 -3 0
27.92 3 -3 0
27.93 3 -3 0
27.95 3 -3 0
27.97 3 -3 0
27.98 3 -3 0
28.00 3 -4 0
28.02 3 -4 0
28.03 3 -4 0
28.05 3 -3 0
28.07 3 -3 0
28.08 3 -3 0
28.10 3 -3 0
28.12 3 -3 0
28.13 3 -3 0
28.15 3 -3 0
28.17 3 -3 0
28.18 3 -3 0
28.20 3 -3 0
28.22 3 -3 0
28.23 3 -3 0
28.25 3 -3 0
28.27 3 -3 0
28.28 3 -3 0
28.30 3 -3 0
28.32 3 -3 0
28.33 3 -3 0
28.35 3 -3 0
28.37 3 -3 0
28.38 3 -3 0
28.40 3 -3 0
28.42 3 -3 0
28.43 3 -3 0
28.45 3 -3 0
28.47 3 -3 0
28.48 3 -3 0
28.50 3 -3 0
28.52 3 -3 0
28.53 3 -3 0
28.55 3 -3 0
28.57 3 -3 0
28.58 3 -3 0
28.60 3 -3 0
28.62 3 -3 0
28.63 3 -3 0
28.65 3 -3 0
28.67 3 -3 0
28.68 3 -3 0
28.70 3 -3 0
28.72 3 -3 0
28.73 3 -3 0
28.75 3 -3 0
28.77 3 -3 0
28.78 3 -3 0
28.80 3 -4 0
28.82 3 -4 0
28.83 3 -4 0
28.85 3 -4 0
28.87 3 -4 0
28.88 3 -4 0
28.90 3 -4 0
28.92 3 -4 0
28.93 3 -3 0
28.95 3 -3 0
28.97 3 -3 0
28.98 3 -3 0
29.00 3 -3 0
29.02 3 -3 0
29.03 3 -3 0
29.05 3 -3 0
29.07 3 -3 0
29.08 3 -3 0
29.10 3 -3 0
29.12 3 -3 0
29.13 3 -3 0
29.15 3 -3 0
29.17 3 -3 0
29.18 3 -3 0
29.20 3 -3 0
29.22 3 -4 0
29.23 3 -4 0
29.25 3 -4 0
29.27 3 -4 0
29.28 3 -4 0
29.30 3 -4 0
29.32 3 -4 0
29.33 3 -3 0
29.35 3 -3 0
29.37 3 -3 0
29.38 3 -3 0
29.40 3 -3 0
29.42 3 -3 0
29.43 3 -3 0
29.45 3 -3 0
29.47 3 -3 0
29.48 3 -3 0
29.50 3 -3 0
29.52 3 -3 0
29.53 3 -3 0
29.55 3 -3 0
29.57 3 -3 0
29.58 3 -3 0
29.60 3 -3 0
29.62 3 -3 0
29.63 3 -3 0
29.65 3 -3 0
29.67 3 -3 0
29.68 3 -3 0
29.70 3 -3 0
29.72 3 -3 0
29.73 3 -3 0
29.75 3 -3 0
29.77 3 -3 0
29.78 3 -3 0
29.80 3 -3 0
29.82 3 -3 0
29.83 4 -3 0
29.85 4 -3 0
29.87 4 -3 0
29.88 6 -3 1
29.90 7 -3 1
29.92 11 -3 3
29.93 19 -4 8
29.95 33 -4 13
29.97 51 -5 18
29.98 75 -5 24
30.00 104 -5 29
30.02 138 -5 33
30.03 174 -5 36
30.05 209 -4 36
30.07 245 -2 36
30.08 275 0 30
30.10 296 0 22
30.12 312 1 16
30.13 323 2 10
30.15 329 2 6
30.17 333 2 3
30.18 333 1 0
30.20 332 0 1
30.22 333 -1 1
30.23 333 -2 1
30.25 333 -4 1
30.27 333 -5 1
30.28 334 -6 0
30.30 334 -6 0
30.32 334 -6 0
30.33 334 -6 0
30.35 335 -5 0
30.37 335 -5 0
30.38 335 -4 0
30.40 336 -3 0
30.42 336 -3 0
30.43 336 -3 0
30.45 336 -3 0
30.47 335 -3 0
30.48 335 -3 0
30.50 334 -3 1
30.52 332 -4 1
30.53 333 -4 0
30.55 333 -4 0
30.57 333 -4 0
30.58 333 -4 0
30.60 333 -5 0
30.62 334 -5 0
30.63 332 -5 1
30.65 331 -4 0
30.67 332 -4 0
30.68 331 -4 0
30.70 331 -3 0
30.72 331 -3 0
30.73 331 -2 0
30.75 332 -2 0
30.77 332 -2 0
30.78 331 -1 0
30.80 331 -1 0
30.82 331 0 0
30.83 330 0 0
30.85 330 0 0
30.87 329 0 0
30.88 329 0 0
30.90 329 -1 0
30.92 328 -1 0
30.93 328 -1 0
30.95 327 -2 0
30.97 327 -2 0
30.98 326 -3 0
31.00 326 -3 0
31.02 326 -4 0
31.03 325 -4 0
31.05 324 -5 0
31.07 324 -5 0
31.08 324 -5 0
31.10 325 -6 0
31.12 325 -6 0
31.13 324 -6 1
31.15 324 -6 0
31.17 324 -6 0
31.18 324 -6 0
31.20 324 -6 0
31.22 323 -5 0
31.23 324 -5 0
31.25 324 -5 0
31.27 324 -4 0
31.28 325 -3 0
31.30 325 -3 0
31.32 325 -3 0
31.33 326 -2 0
31.35 325 -2 0
31.37 325 -2 0
31.38 325 -2 0
31.40 324 -2 0
31.42 324 -2 0
31.43 324 -2 0
31.45 324 -2 0
31.47 325 -2 0
31.48 325 -2 0
31.50 326 -3 0
31.52 326 -3 0
31.53 327 -3 0
31.55 327 -3 0
31.57 327 -3 0
31.58 328 -3 0
31.60 329 -4 1
31.62 327 -4 2
31.63 327 -4 0
31.65 327 -3 0
31.67 327 -3 0
31.68 328 -3 0
31.70 328 -3 0
31.72 325 -3 2
31.73 324 -3 0
31.75 325 -3 0
31.77 325 -2 0
31.78 326 -2 0
31.80 326 -2 0
31.82 326 -2 0
31.83 327 -2 1
31.85 327 -1 0
31.87 324 -1 3
31.88 318 -1 5
31.90 309 -1 9
31.92 293 0 15
31.93 269 0 23
31.95 238 0 31
31.97 203 0 34
31.98 168 0 35
32.00 136 -1 32
32.02 107 -1 29
32.03 80 -1 26
32.05 58 -1 22
32.07 41 -2 17
32.08 28 -2 13
32.10 18 -2 9
32.12 11 -2 7
32.13 5 -2 5
32.15 1 -2 3
32.17 0 -2 2
32.18 -1 -2 1
32.20 -1 -2 0
32.22 -1 -2 0
32.23 0 -1 0
32.25 0 -1 0
32.27 0 -1 0
32.28 1 -1 1
32.30 2 -1 1
32.32 3 -1 0
32.33 4 -1 0
32.35 4 -1 0
32.37 4 -2 0
32.38 4 -2 0
32.40 3 -2 0
32.42 2 -2 0
32.43 2 -2 0
32.45 1 -3 0
32.47 0 -3 0
32.48 0 -3 0
32.50 0 -3 0
32.52 0 -3 0
32.53 -2 -4 1
32.55 -4 -4 1
32.57 -7 -4 3
32.58 -13 -4 5
32.60 -21 -4 8
32.62 -32 -4 10
32.63 -45 -4 13
32.65 -60 -4 15
32.67 -77 -4 17
32.68 -100 -5 23
32.70 -124 -5 23
32.72 -148 -5 23
32.73 -173 -6 24
32.75 -197 -6 23
32.77 -220 -6 22
32.78 -241 -6 21
32.80 -261 -6 20
32.82 -278 -6 16
32.83 -295 -6 16
32.85 -313 -5 17
32.87 -329 -5 16
32.88 -343 -4 13
32.90 -353 -4 10
32.92 -360 -3 7
32.93 -366 -3 6
32.95 -370 -3 3
32.97 -371 -4 1
32.98 -371 -4 0
33.00 -371 -5 1
33.02 -372 -6 1
33.03 -371 -7 0
33.05 -371 -8 0
33.07 -371 -8 0
33.08 -370 -8 0
33.10 -367 -8 2
33.12 -367 -8 0
33.13 -367 -7 0
33.15 -367 -6 0
33.17 -367 -5 0
33.18 -367 -5 0
33.20 -367 -4 0
33.22 -368 -3 0
33.23 -367 -3 0
33.25 -367 -2 0
33.27 -367 -2 0
33.28 -366 -2 0
33.30 -366 -1 0
33.32 -367 -2 0
33.33 -367 -2 0
33.35 -366 -2 0
33.37 -365 -3 0
33.38 -365 -3 0
33.40 -364 -4 0
33.42 -364 -4 0
33.43 -363 -4 0
33.45 -363 -5 0
33.47 -363 -5 0
33.48 -362 -5 0
33.50 -362 -5 0
33.52 -362 -5 0
33.53 -362 -5 0
33.55 -361 -4 1
33.57 -360 -4 0
33.58 -361 -4 0
33.60 -361 -3 0
33.62 -361 -3 0
33.63 -362 -3 0
33.65 -362 -2 0
33.67 -363 -2 0
33.68 -363 -2 0
33.70 -363 -2 0
33.72 -363 -2 0
33.73 -363 -2 0
33.75 -363 -2 0
33.77 -362 -2 0
33.78 -362 -2 0
33.80 -363 -1 0
33.82 -363 -1 0
33.83 -363 -1 0
33.85 -363 -1 0
33.87 -363 -2 0
33.88 -364 -2 0
33.90 -364 -2 0
33.92 -364 -2 0
33.93 -365 -2 0
33.95 -365 -2 0
33.97 -365 -3 0
33.98 -365 -3 0
34.00 -365 -3 0
34.02 -365 -3 0
34.03 -364 -3 0
34.05 -364 -4 0
34.07 -360 -4 3
34.08 -360 -4 0
34.10 -360 -4 0
34.12 -360 -4 0
34.13 -360 -4 0
34.15 -360 -4 0
34.17 -359 -4 0
34.18 -360 -4 0
34.20 -359 -4 0
34.22 -359 -4 0
34.23 -358 -4 1
34.25 -357 -4 0
34.27 -357 -3 0
34.28 -356 -3 0
34.30 -356 -3 0
34.32 -356 -3 0
34.33 -356 -3 0
34.35 -356 -3 0
34.37 -354 -3 1
34.38 -353 -3 1
34.40 -351 -3 1
34.42 -349 -3 1
34.43 -347 -3 2
34.45 -343 -3 3
34.47 -338 -3 4
34.48 -329 -3 8
34.50 -321 -3 8
34.52 -305 -3 16
34.53 -281 -3 24
34.55 -250 -3 30
34.57 -213 -4 36
34.58 -177 -4 36
34.60 -142 -4 34
34.62 -109 -4 33
34.63 -81 -4 28
34.65 -57 -3 23
34.67 -39 -3 18
34.68 -25 -3 13
34.70 -14 -2 10
34.72 -6 -2 8
34.73 1 -2 7
34.75 6 -2 5
34.77 10 -2 3
34.78 13 -2 3
34.80 15 -2 1
34.82 15 -3 0
34.83 15 -3 0
34.85 14 -4 0
34.87 13 -4 1
34.88 11 -5 1
34.90 9 -6 2
34.92 7 -6 2
34.93 4 -7 2
34.95 2 -7 2
34.97 0 -8 1
34.98 0 -8 1
35.00 0 -7 0
35.02 0 -7 0
35.03 0 -6 0
35.05 0 -5 0
35.07 1 -5 1
35.08 2 -5 1
35.10 3 -4 1
35.12 4 -4 0
35.13 5 -4 0
35.15 6 -3 0
35.17 6 -3 0
35.18 6 -2 0
35.20 6 0 1
35.22 6 5 5
35.23 5 14 9
35.25 5 29 14
35.27 4 49 20
35.28 4 72 22
35.30 4 97 25
35.32 5 125 27
35.33 6 152 26
35.35 7 178 27
35.37 8 206 28
35.38 9 229 23
35.40 10 248 18
35.42 10 264 16
35.43 10 273 8
35.45 9 278 5
35.47 8 282 4
35.48 6 282 2
35.50 3 282 2
35.52 1 281 2
35.53 0 279 3
35.55 -2 279 1
35.57 -3 278 1
35.58 -4 278 0
35.60 -3 278 0
35.62 -3 278 0
35.63 -2 277 1
35.65 0 277 1
35.67 0 277 1
35.68 1 277 1
35.70 3 277 1
35.72 4 276 1
35.73 5 276 0
35.75 5 276 0
35.77 6 276 0
35.78 5 276 0
35.80 5 277 0
35.82 4 277 0
35.83 3 277 0
35.85 2 277 1
35.87 1 278 0
35.88 1 278 0
35.90 0 278 0
35.92 0 279 0
35.93 0 279 0
35.95 0 279 0
35.97 0 280 0
35.98 0 280 0
36.00 0 280 0
36.02 0 280 0
36.03 1 280 0
36.05 1 281 0
36.07 2 281 0
36.08 2 282 0
36.10 3 282 0
36.12 4 283 0
36.13 5 283 0
36.15 6 284 0
36.17 7 284 0
36.18 7 284 0
36.20 8 284 0
36.22 9 284 0
36.23 9 284 0
36.25 9 285 0
36.27 9 285 0
36.28 9 285 0
36.30 9 284 1
36.32 8 285 0
36.33 7 285 0
36.35 7 285 0
36.37 6 285 0
36.38 5 284 0
36.40 4 284 0
36.42 4 284 0
36.43 3 284 0
36.45 2 283 0
36.47 2 283 0
36.48 2 283 0
36.50 1 282 0
36.52 1 282 0
36.53 1 282 0
36.55 1 281 0
36.57 1 281 0
36.58 1 280 1
36.60 1 279 1
36.62 2 278 0
36.63 2 278 0
36.65 2 278 0
36.67 2 278 0
36.68 3 277 0
36.70 3 277 0
36.72 3 277 0
36.73 3 277 0
36.75 4 276 1
36.77 4 275 0
36.78 4 275 0
36.80 4 275 0
36.82 4 275 0
36.83 4 274 0
36.85 4 274 0
36.87 4 274 0
36.88 4 274 0
36.90 4 273 0
36.92 3 273 0
36.93 3 273 0
36.95 3 272 0
36.97 3 272 0
36.98 3 272 0
37.00 3 272 0
37.02 3 273 1
37.03 2 272 1
37.05 2 272 0
37.07 2 272 0
37.08 2 272 0
37.10 2 272 0
37.12 2 272 0
37.13 2 272 0
37.15 2 272 0
37.17 3 273 0
37.18 3 273 0
37.20 3 273 0
37.22 3 274 0
37.23 3 274 0
37.25 4 274 0
37.27 4 275 0
37.28 4 275 0
37.30 4 276 0
37.32 4 276 0
37.33 4 276 0
37.35 4 277 0
37.37 4 277 0
37.38 4 278 0
37.40 4 278 0
37.42 4 278 0
37.43 4 279 0
37.45 3 279 0
37.47 3 278 0
37.48 3 277 1
37.50 3 274 3
37.52 3 268 5
37.53 3 257 10
37.55 3 238 19
37.57 2 212 26
37.58 2 178 33
37.60 2 143 34
37.62 3 116 27
37.63 3 87 28
37.65 3 62 24
37.67 3 42 20
37.68 3 21 20
37.70 4 7 14
37.72 5 -2 10
37.73 5 -13 10
37.75 6 -19 6
37.77 6 -25 5
37.78 7 -28 3
37.80 7 -28 0
37.82 7 -28 0
37.83 7 -27 0
37.85 6 -25 2
37.87 6 -23 2
37.88 5 -20 2
37.90 5 -17 3
37.92 4 -14 2
37.93 4 -12 2
37.95 3 -9 2
37.97 2 -7 1
37.98 1 -5 1
38.00 1 -4 1
38.02 0 -3 0
38.03 0 -2 0
38.05 0 -2 0
38.07 0 -2 0
38.08 0 -1 0
38.10 1 -2 0
38.12 1 -4 1
38.13 1 -7 3
38.15 2 -12 5
38.17 3 -21 8
38.18 3 -33 12
38.20 3 -52 19
38.22 4 -73 20
38.23 4 -95 21
38.25 4 -114 18
38.27 4 -136 22
38.28 4 -163 26
38.30 4 -190 26
38.32 3 -215 25
38.33 3 -243 27
38.35 3 -269 26
38.37 3 -295 25
38.38 3 -315 20
38.40 2 -329 13
38.42 2 -339 10
38.43 2 -346 6
38.45 2 -349 2
38.47 2 -350 1
38.48 1 -350 0
38.50 1 -350 0
38.52 0 -348 1
38.53 0 -347 1
38.55 0 -347 0
38.57 0 -347 0
38.58 0 -346 0
38.60 0 -346 0
38.62 0 -345 0
38.63 0 -345 0
38.65 1 -345 0
38.67 2 -345 0
38.68 2 -345 0
38.70 3 -344 0
38.72 3 -344 0
38.73 4 -344 0
38.75 4 -344 0
38.77 5 -344 0
38.78 5 -344 0
38.80 4 -344 0
38.82 4 -344 0
38.83 4 -344 0
38.85 4 -344 0
38.87 3 -344 0
38.88 3 -343 1
38.90 3 -345 2
38.92 3 -345 0
38.93 2 -345 0
38.95 2 -346 1
38.97 2 -347 0
38.98 2 -347 0
39.00 2 -349 2
39.02 2 -350 0
39.03 2 -350 0
39.05 2 -351 0
39.07 2 -351 0
39.08 2 -351 0
39.10 2 -351 0
39.12 2 -351 0
39.13 2 -351 0
39.15 2 -351 0
39.17 2 -351 0
39.18 3 -351 0
39.20 3 -351 0
39.22 3 -351 0
39.23 3 -351 0
39.25 3 -351 0
39.27 3 -351 0
39.28 4 -351 0
39.30 4 -351 0
39.32 4 -351 0
39.33 4 -352 0
39.35 4 -352 0
39.37 4 -353 1
39.38 4 -354 1
39.40 4 -354 0
39.42 4 -353 0
39.43 4 -352 1
39.45 4 -351 0
39.47 4 -350 0
39.48 3 -349 1
39.50 3 -348 1
39.52 3 -347 0
39.53 3 -346 0
39.55 3 -346 0
39.57 3 -345 0
39.58 3 -341 3
39.60 3 -341 0
39.62 3 -341 0
39.63 3 -340 0
39.65 3 -341 0
39.67 3 -340 0
39.68 3 -340 0
39.70 3 -341 1
39.72 3 -341 0
39.73 3 -341 0
39.75 4 -341 0
39.77 4 -341 0
39.78 4 -341 0
39.80 4 -340 0
39.82 4 -340 0
39.83 4 -340 0
39.85 4 -340 0
39.87 4 -340 0
39.88 4 -340 0
39.90 4 -340 0
39.92 4 -340 0
39.93 4 -340 0
39.95 4 -338 1
39.97 4 -339 0
39.98 4 -340 0
40.00 4 -340 0
40.02 4 -341 1
40.03 4 -342 0
40.05 3 -343 1
40.07 3 -345 1
40.08 3 -345 0
40.10 3 -346 0
40.12 3 -346 0
40.13 3 -347 0
40.15 3 -347 0
40.17 3 -347 0
40.18 3 -347 0
40.20 3 -347 0
40.22 3 -347 0
40.23 3 -347 0
40.25 3 -347 0
40.27 3 -347 0
40.28 3 -347 0
40.30 3 -348 0
40.32 3 -348 0
40.33 3 -348 0
40.35 3 -348 0
40.37 3 -348 0
40.38 3 -347 0
40.40 3 -347 0
40.42 3 -347 0
40.43 3 -347 0
40.45 3 -347 0
40.47 3 -346 0
40.48 3 -346 0
40.50 3 -346 0
40.52 3 -345 0
40.53 3 -345 0
40.55 3 -344 0
40.57 3 -343 0
40.58 3 -343 0
40.60 3 -342 0
40.62 3 -341 1
40.63 3 -338 2
40.65 3 -338 0
40.67 3 -337 1
40.68 3 -336 0
40.70 3 -335 0
40.72 3 -335 0
40.73 3 -334 0
40.75 3 -334 0
40.77 3 -333 0
40.78 4 -332 0
40.80 4 -331 1
40.82 4 -327 3
40.83 4 -312 14
40.85 4 -290 22
40.87 4 -261 29
40.88 4 -226 34
40.90 5 -193 32
40.92 5 -163 30
40.93 5 -135 27
40.95 5 -113 22
40.97 6 -92 20
40.98 6 -72 20
41.00 6 -55 17
41.02 6 -40 15
41.03 6 -25 14
41.05 5 -13 12
41.07 5 -1 11
41.08 5 7 9
41.10 4 12 5
41.12 4 15 3
41.13 3 16 1
41.15 3 16 0
41.17 2 15 1
41.18 2 13 2
41.20 1 10 2
41.22 1 7 3
41.23 1 4 2
41.25 1 1 3
41.27 1 0 2
41.28 1 -2 1
41.30 1 -4 1
41.32 2 -5 0
41.33 2 -5 0
41.35 3 -5 0
41.37 3 -4 0
41.38 3 -3 1
41.40 3 -2 1
41.42 3 -1 0
41.43 4 0 0
41.45 4 0 0
41.47 4 0 0
41.48 4 1 0
41.50 4 1 0
41.52 3 1 0
41.53 3 1 0
41.55 3 1 0
41.57 3 0 0
41.58 2 0 0
41.60 2 0 0
41.62 2 0 0
41.63 2 0 0
41.65 2 -1 0
41.67 2 -1 0
41.68 2 -2 0
41.70 2 -2 0
41.72 2 -2 0
41.73 2 -3 0
41.75 3 -3 0
41.77 3 -3 0
41.78 3 -3 0
41.80 3 -3 0
41.82 4 -3 0
41.83 4 -3 0
41.85 4 -4 0
41.87 4 -4 0
41.88 4 -4 0
41.90 4 -4 0
41.92 3 -4 0
41.93 3 -4 0
41.95 3 -4 0
41.97 3 -4 0
41.98 2 -4 0
42.00 2 -3 0
42.02 2 -3 0
42.03 2 -3 0
42.05 2 -3 0
42.07 2 -3 0
42.08 2 -3 0
42.10 2 -3 0
42.12 3 -3 0
42.13 3 -3 0
42.15 3 -3 0
42.17 3 -3 0
42.18 3 -3 0
42.20 3 -3 0
42.22 3 -3 0
42.23 3 -3 0
42.25 3 -3 0
42.27 3 -3 0
42.28 3 -3 0
42.30 3 -3 0
42.32 3 -3 0
42.33 3 -3 0
42.35 3 -3 0
42.37 3 -3 0
42.38 3 -4 0
42.40 3 -4 0
42.42 3 -3 0
42.43 3 -3 0
42.45 3 -3 0
42.47 3 -3 0
42.48 3 -3 0
42.50 3 -3 0
42.52 3 -3 0
42.53 3 -3 0
42.55 3 -3 0
42.57 3 -3 0
42.58 3 -3 0
42.60 3 -3 0
42.62 3 -3 0
42.63 3 -3 0
42.65 3 -3 0
42.67 3 -3 0
42.68 3 -3 0
42.70 3 -3 0
42.72 3 -4 0
42.73 3 -4 0
42.75 3 -4 0
42.77 3 -4 0
42.78 3 -4 0
42.80 2 -4 0
42.82 2 -4 0
42.83 2 -4 0
42.85 3 -4 0
42.87 3 -4 0
42.88 3 -4 0
42.90 3 -3 0
42.92 4 -3 0
42.93 4 -2 0
42.95 5 -1 0
42.97 6 0 2
42.98 7 1 3
43.00 9 4 3
43.02 11 6 3
43.03 13 9 4
43.05 16 12 4
43.07 19 16 5
43.08 22 19 5
43.10 25 22 4
43.12 27 24 4
43.13 30 27 4
43.15 32 30 4
43.17 34 33 4
43.18 36 36 3
43.20 38 38 4
43.22 40 41 4
43.23 42 44 4
43.25 44 46 3
43.27 45 48 3
43.28 47 50 2
43.30 48 52 2
43.32 50 54 2
43.33 51 55 2
43.35 52 55 1
43.37 53 56 0
43.38 53 56 0
43.40 54 56 0
43.42 54 56 0
43.43 54 55 0
43.45 53 55 0
43.47 53 53 1
43.48 52 52 2
43.50 51 50 2
43.52 49 48 3
43.53 47 46 3
43.55 45 43 3
43.57 43 40 4
43.58 40 38 4
43.60 37 34 5
43.62 34 31 6
43.63 31 27 7
43.65 27 22 7
43.67 24 18 6
43.68 22 15 5
43.70 19 11 5
43.72 16 7 5
43.73 14 4 5
43.75 11 1 4
43.77 9 0 4
43.78 7 -2 3
43.80 6 -4 2
43.82 4 -6 2
43.83 3 -7 2
43.85 2 -8 1
43.87 1 -9 0
43.88 0 -9 0
43.90 0 -10 0
43.92 0 -10 0
43.93 0 -10 0
43.95 0 -10 0
43.97 0 -9 0
43.98 0 -9 0
44.00 0 -9 0
44.02 0 -8 0
44.03 0 -8 0
44.05 0 -8 0
44.07 0 -7 0
44.08 0 -7 0
44.10 0 -6 0
44.12 1 -6 0
44.13 1 -5 0
44.15 1 -5 0
44.17 1 -4 0
44.18 2 -4 0
44.20 2 -4 0
44.22 2 -4 0
44.23 2 -3 0
44.25 2 -3 0
44.27 1 -4 0
44.28 1 -4 0
44.30 1 -4 0
44.32 0 -4 0
44.33 0 -5 0
44.35 0 -6 0
44.37 -1 -6 0
44.38 -2 -7 1
44.40 -3 -8 1
44.42 -5 -9 2
44.43 -7 -11 3
44.45 -9 -14 4
44.47 -12 -18 5
44.48 -15 -21 6
44.50 -19 -25 7
44.52 -24 -31 10
44.53 -30 -37 10
44.55 -34 -42 9
44.57 -39 -48 9
44.58 -44 -53 9
44.60 -48 -59 10
44.62 -52 -65 9
44.63 -55 -70 7
44.65 -58 -73 5
44.67 -61 -77 5
44.68 -63 -80 5
44.70 -65 -83 4
44.72 -67 -85 2
44.73 -69 -86 2
44.75 -70 -87 1
44.77 -71 -87 0
44.78 -71 -86 0
44.80 -71 -85 1
44.82 -71 -84 1
44.83 -70 -82 1
44.85 -69 -80 2
44.87 -67 -77 3
44.88 -65 -74 4
44.90 -63 -71 5
44.92 -60 -67 5
44.93 -57 -63 6
44.95 -55 -59 6
44.97 -51 -55 7
44.98 -47 -51 6
45.00 -43 -47 6
45.02 -40 -44 6
45.03 -36 -39 7
45.05 -32 -35 8
45.07 -28 -32 6
45.08 -24 -28 6
45.10 -20 -25 7
45.12 -16 -22 6
45.13 -12 -19 6
45.15 -9 -16 5
45.17 -6 -14 4
45.18 -4 -12 3
45.20 -2 -10 3
45.22 0 -9 2
45.23 0 -7 2
45.25 1 -6 2
45.27 2 -5 1
45.28 3 -4 1
45.30 4 -3 0
45.32 4 -2 0
45.33 4 -2 0
45.35 5 -1 0
45.37 5 -1 0
45.38 5 0 0
45.40 5 0 0
45.42 5 0 0
45.43 5 0 0
45.45 5 0 0
45.47 4 0 0
45.48 4 0 0
45.50 4 0 0
45.52 4 -1 0
45.53 3 -1 0
45.55 3 -2 0
45.57 3 -2 0
45.58 3 -2 0
45.60 3 -3 0
45.62 3 -3 0
45.63 3 -3 0
45.65 3 -3 0
45.67 3 -3 0
45.68 3 -3 0
45.70 3 -3 0
45.72 3 -3 0
45.73 4 -3 0
45.75 4 -3 0
45.77 4 -3 0
45.78 4 -3 0
45.80 4 -2 0
45.82 4 -2 0
45.83 4 -2 0
45.85 4 -2 0
45.87 4 -2 0
45.88 4 -2 0
45.90 4 -2 0
45.92 4 -2 0
45.93 4 -2 0
45.95 4 -2 0
45.97 4 -2 0
45.98 4 -2 0
46.00 4 -2 0
46.02 4 -2 0
46.03 4 -2 0
46.05 4 -2 0
46.07 4 -2 0
46.08 4 -2 0
46.10 4 -2 0
46.12 3 -2 0
46.13 3 -3 0
46.15 3 -3 0
46.17 3 -3 0
46.18 3 -3 0
46.20 3 -3 0
46.22 3 -3 0
46.23 4 -3 0
46.25 4 -3 0
46.27 4 -3 0
46.28 4 -3 0
46.30 5 -3 0
46.32 5 -4 0
46.33 7 -5 1
46.35 8 -6 1
46.37 11 -7 4
46.38 15 -9 5
46.40 20 -12 6
46.42 25 -15 8
46.43 30 -19 8
46.45 36 -23 9
46.47 42 -28 9
46.48 48 -33 10
46.50 53 -38 9
46.52 58 -43 9
46.53 62 -49 9
46.55 66 -54 7
46.57 69 -58 7
46.58 72 -62 6
46.60 73 -66 4
46.62 74 -69 4
46.63 75 -72 2
46.65 74 -75 2
46.67 73 -76 1
46.68 72 -77 1
46.70 70 -77 1
46.72 68 -77 2
46.73 66 -76 3
46.75 64 -74 4
46.77 61 -71 4
46.78 57 -68 6
46.80 53 -62 9
46.82 49 -57 8
46.83 44 -52 9
46.85 40 -45 10
46.87 36 -39 10
46.88 32 -32 10
46.90 28 -26 9
46.92 24 -21 7
46.93 21 -15 8
46.95 18 -11 6
46.97 15 -7 6
46.98 13 -3 5
47.00 11 0 4
47.02 9 1 3
47.03 8 3 2
47.05 7 4 1
47.07 6 4 1
47.08 5 5 0
47.10 4 5 0
47.12 3 4 0
47.13 3 4 0
47.15 2 3 0
47.17 1 2 0
47.18 1 1 0
47.20 0 1 0
47.22 0 0 0
47.23 0 0 0
47.25 0 0 0
47.27 0 0 0
47.28 0 -1 0
47.30 0 -1 0
47.32 0 -1 0
47.33 0 -1 0
47.35 0 -2 0
47.37 0 -2 0
47.38 0 -2 0
47.40 0 -2 0
47.42 0 -2 0
47.43 0 -2 0
47.45 1 -3 0
47.47 1 -3 0
47.48 1 -3 0
47.50 1 -3 0
47.52 1 -3 0
47.53 1 -3 0
47.55 1 -3 0
47.57 1 -3 0
47.58 1 -3 0
47.60 1 -2 0
47.62 1 -2 0
47.63 1 -2 0
47.65 1 -1 0
47.67 1 -1 0
47.68 1 0 0
47.70 1 0 0
47.72 1 1 0
47.73 1 1 0
47.75 1 2 0
47.77 0 3 0
47.78 0 4 1
47.80 0 6 1
47.82 0 8 2
47.83 -1 11 3
47.85 -4 14 5
47.87 -6 18 4
47.88 -9 22 6
47.90 -13 26 8
47.92 -17 31 9
47.93 -21 36 8
47.95 -27 41 9
47.97 -33 46 9
47.98 -39 50 10
48.00 -46 54 9
48.02 -51 57 8
48.03 -57 60 7
48.05 -63 62 7
48.07 -67 64 5
48.08 -71 66 6
48.10 -75 68 5
48.12 -77 70 4
48.13 -80 72 4
48.15 -81 74 3
48.17 -82 77 3
48.18 -82 79 2
48.20 -82 81 2
48.22 -80 83 3
48.23 -78 85 3
48.25 -76 88 4
48.27 -73 90 4
48.28 -70 92 4
48.30 -67 93 4
48.32 -63 94 3
48.33 -59 94 4
48.35 -54 93 5
48.37 -49 89 7
48.38 -44 85 9
48.40 -39 79 9
48.42 -34 73 9
48.43 -29 67 11
48.45 -24 60 11
48.47 -21 52 10
48.48 -16 45 12
48.50 -10 38 12
48.52 -6 31 9
48.53 -2 24 10
48.55 1 19 8
48.57 4 13 9
48.58 8 7 8
48.60 11 2 6
48.62 12 -1 5
48.63 14 -4 4
48.65 15 -6 2
48.67 15 -9 2
48.68 15 -10 1
48.70 15 -11 0
48.72 14 -11 0
48.73 13 -11 0
48.75 12 -11 1
48.77 10 -11 1
48.78 9 -11 1
48.80 8 -11 1
48.82 7 -11 1
48.83 6 -11 0
48.85 5 -11 0
48.87 4 -10 0
48.88 4 -10 0
48.90 3 -10 0
48.92 3 -10 0
48.93 3 -9 0
48.95 3 -9 0
48.97 3 -9 0
48.98 3 -8 0
49.00 3 -8 0
49.02 3 -7 0
49.03 3 -6 0
49.05 4 -6 0
49.07 4 -5 0
49.08 4 -4 0
49.10 4 -3 0
49.12 4 -3 0
49.13 4 -2 0
49.15 4 -2 0
49.17 3 -2 0
49.18 3 -2 0
49.20 3 -2 0
49.22 3 -2 0
49.23 3 -3 0
49.25 3 -3 0
49.27 3 -3 0
49.28 3 -3 0
49.30 3 -4 0
49.32 3 -3 0
49.33 3 -3 0
49.35 3 -3 0
49.37 3 -3 0
49.38 3 -2 0
49.40 3 -2 0
49.42 2 -2 0
49.43 2 -2 0
49.45 2 -2 0
49.47 2 -2 0
49.48 2 -2 0
49.50 2 -2 0
49.52 2 -2 0
49.53 2 -2 0
49.55 2 -2 0
49.57 2 -3 0
49.58 2 -3 0
49.60 2 -3 0
49.62 2 -3 0
49.63 2 -4 0
49.65 2 -4 0
49.67 2 -4 0
49.68 3 -4 0
49.70 3 -3 0
49.72 3 -3 0
49.73 3 -3 0
49.75 3 -3 0
49.77 3 -3 0
49.78 3 -3 0
49.80 3 -3 0
49.82 3 -3 0
49.83 3 -3 0
49.85 3 -3 0
49.87 3 -3 0
49.88 3 -3 0
49.90 2 -4 0
49.92 2 -4 0
49.93 1 -5 0
49.95 0 -6 1
49.97 0 -7 1
49.98 0 -8 1
50.00 -1 -10 1
50.02 -1 -11 1
50.03 0 -11 0
50.05 0 -11 0
50.07 0 -10 0
50.08 0 -10 0
50.10 0 -9 0
50.12 0 -8 0
50.13 0 -8 0
50.15 0 -7 0
50.17 0 -7 0
50.18 0 -7 0
50.20 0 -6 0
50.22 0 -6 0
50.23 0 -6 0
50.25 0 -6 0
50.27 0 -6 0
50.28 0 -5 0
50.30 0 -5 0
50.32 -1 -5 0
50.33 -1 -5 0
50.35 -1 -5 0
50.37 -1 -4 0
50.38 -1 -4 0
50.40 -2 -4 0
50.42 -2 -4 0
50.43 -2 -4 0
50.45 -2 -4 0
50.47 -2 -3 0
50.48 -2 -3 0
50.50 -2 -3 0
50.52 -3 -3 0
50.53 -2 -3 0
50.55 -1 -3 1
50.57 0 -3 1
50.58 0 -4 0
50.60 1 -4 0
50.62 2 -4 0
50.63 3 -4 0
50.65 2 -4 0
50.67 2 -4 0
50.68 2 -4 0
50.70 2 -4 0
50.72 1 -4 0
50.73 2 -5 0
50.75 2 -5 0
50.77 3 -4 2
50.78 3 -4 0
50.80 2 -3 0
50.82 2 -3 0
50.83 1 -4 0
50.85 2 -5 0
50.87 2 -4 0
50.88 2 -4 0
50.90 2 -3 0
50.92 2 -4 0
50.93 3 -4 0
50.95 3 -4 0
50.97 3 -4 0
50.98 3 -4 0
51.00 3 -4 0
51.02 3 -4 0
51.03 3 -4 0
51.05 3 -4 0
51.07 3 -4 0
51.08 3 -4 0
51.10 3 -3 0
51.12 3 -3 0
51.13 3 -3 0
51.15 3 -3 0
51.17 3 -3 0
51.18 3 -3 0
51.20 3 -3 0
51.22 3 -3 0
51.23 3 -3 0
51.25 3 -3 0
51.27 3 -3 0
51.28 4 -2 0
51.30 4 -2 0
51.32 4 -2 0
51.33 4 -2 0
51.35 4 -2 0
51.37 4 -2 0
51.38 4 -2 0
51.40 4 -2 0
51.42 4 -2 0
51.43 4 -2 0
51.45 4 -3 0
51.47 3 -3 0
51.48 3 -4 0
51.50 2 -4 0
51.52 2 -4 0
51.53 1 -3 0
51.55 1 -4 0
51.57 2 -4 0
51.58 2 -4 0
51.60 2 -4 0
51.62 2 -4 0
51.63 2 -4 0
51.65 3 -4 0
51.67 3 -3 0
51.68 3 -4 0
51.70 2 -4 0
51.72 2 -4 0
51.73 2 -4 0
51.75 2 -4 0
51.77 2 -4 0
51.78 3 -3 0
51.80 3 -3 0
51.82 3 -3 0
51.83 3 -3 0
51.85 3 -3 0
51.87 3 -3 0
51.88 3 -3 0
51.90 3 -3 0
51.92 3 -3 0
51.93 3 -3 0
51.95 3 -3 0
51.97 3 -3 0
51.98 3 -3 0
52.00 3 -3 0
52.02 3 -3 0
52.03 3 -3 0
52.05 3 -3 0
52.07 3 -3 0
52.08 3 -3 0
52.10 3 -3 0
52.12 3 -3 0
52.13 3 -3 0
52.15 3 -3 0
52.17 3 -3 0
52.18 3 -3 0
52.20 3 -3 0
52.22 3 -3 0
52.23 3 -3 0
52.25 3 -3 0
52.27 3 -3 0
52.28 3 -3 0
52.30 3 -3 0
52.32 3 -3 0
52.33 3 -3 0
52.35 3 -3 0
52.37 3 -3 0
52.38 3 -3 0
52.40 3 -3 0
52.42 3 -3 0
52.43 3 -3 0
52.45 3 -3 0
52.47 3 -3 0
52.48 3 -3 0
52.50 3 -3 0
52.52 3 -3 0
52.53 3 -3 0
52.55 3 -3 0
52.57 3 -3 0
52.58 3 -3 0
52.60 3 -3 0
52.62 3 -3 0
52.63 3 -3 0
52.65 3 -3 0
52.67 3 -3 0
52.68 3 -3 0
52.70 3 -3 0
52.72 3 -3 0
52.73 3 -3 0
52.75 3 -3 0
52.77 3 -3 0
52.78 3 -3 0
52.80 3 -3 0
52.82 3 -3 0
52.83 3 -3 0
52.85 3 -3 0
52.87 3 -3 0
52.88 3 -3 0
52.90 3 -3 0
52.92 3 -3 0
52.93 3 -3 0
52.95 3 -3 0
52.97 3 -3 0
52.98 3 -3 0
53.00 3 -3 0
53.02 3 -3 0
53.03 3 -3 0
53.05 3 -3 0
53.07 3 -3 0
53.08 3 -3 0
53.10 3 -3 0
53.12 3 -3 0
53.13 3 -3 0
53.15 3 -3 0
53.17 3 -3 0
53.18 3 -3 0
53.20 3 -3 0
53.22 3 -3 0
53.23 3 -3 0
53.25 3 -3 0
53.27 3 -3 0
53.28 3 -3 0
53.30 3 -3 0
53.32 3 -3 0
53.33 3 -3 0
53.35 3 -3 0
53.37 3 -3 0
53.38 3 -3 0
53.40 3 -3 0
53.42 3 -3 0
53.43 3 -3 0
53.45 3 -3 0
53.47 3 -3 0
53.48 3 -3 0
53.50 3 -3 0
53.52 3 -3 0
53.53 3 -3 0
53.55 3 -3 0
53.57 3 -3 0
53.58 3 -3 0
53.60 3 -3 0
53.62 3 -3 0
53.63 3 -3 0
53.65 3 -3 0
53.67 3 -3 0
53.68 3 -3 0
53.70 3 -3 0
53.72 3 -3 0
53.73 3 -3 0
53.75 3 -3 0
53.77 3 -3 0
53.78 3 -3 0
53.80 3 -3 0
53.82 3 -3 0
53.83 3 -3 0
53.85 3 -3 0
53.87 3 -3 0
53.88 3 -3 0
53.90 3 -3 0
53.92 3 -3 0
53.93 3 -3 0
53.95 3 -3 0
53.97 3 -3 0
53.98 3 -3 0
54.00 3 -3 0
54.02 3 -3 0
54.03 3 -3 0
54.05 3 -3 0
54.07 3 -3 0
54.08 3 -3 0
54.10 3 -3 0
54.12 3 -3 0
54.13 3 -3 0
54.15 3 -3 0
54.17 3 -3 0
54.18 3 -3 0
54.20 3 -3 0
54.22 3 -3 0
54.23 3 -3 0
54.25 3 -3 0
54.27 3 -3 0
54.28 3 -3 0
54.30 3 -3 0
54.32 3 -3 0
54.33 3 -3 0
54.35 3 -3 0
54.37 3 -3 0
54.38 3 -3 0
54.40 3 -3 0
54.42 3 -3 0
54.43 3 -3 0
54.45 3 -3 0
54.47 3 -3 0
54.48 3 -3 0
54.50 3 -3 0
54.52 3 -3 0
54.53 3 -3 0
54.55 3 -3 0
54.57 3 -3 0
54.58 3 -3 0
54.60 3 -3 0
54.62 3 -3 0
54.63 3 -3 0
54.65 3 -3 0
54.67 3 -3 0
54.68 3 -3 0
54.70 3 -3 0
54.72 3 -3 0
