time left right
0 0 0
16 0 0
33 0 0
50 0 0
66 0 0
83 0 0
100 0 0
116 0 0
133 0 0
150 0 0
166 0 0
183 0 0
200 0 0
216 0 0
233 0 0
250 0 0
266 0 0
283 0 0
300 0 0
316 0 0
333 0 0
350 0 0
366 0 0
383 0 0
400 0 0
416 0 0
433 0 0
450 0 0
466 0 0
483 0 0
500 0 0
516 0 0
533 0 0
550 0 0
566 0 0
583 0 0
600 0 0
616 0 0
633 0 0
650 0 0
666 0 0
683 0 0
700 0 0
716 0 0
733 0 0
750 0 0
766 0 0
783 0 0
800 0 -1
816 0 -1
833 0 0
850 0 0
866 0 0
883 0 0
900 0 0
916 0 0
933 0 0
950 0 0
966 0 0
983 0 0
1000 0 0
1016 0 0
1033 0 0
1050 0 0
1066 0 0
1083 0 0
1100 0 0
1116 0 0
1133 0 0
1150 0 0
1166 0 0
1183 0 0
1200 0 0
1216 0 0
1233 0 0
1250 0 0
1266 0 0
1283 0 0
1300 0 0
1316 0 0
1333 0 0
1350 0 0
1366 0 0
1383 0 4
1400 0 7
1416 0 9
1433 2 11
1450 4 13
1466 5 15
1483 6 16
1500 6 16
1516 6 17
1533 6 17
1550 5 18
1566 5 18
1583 5 18
1600 4 18
1616 4 19
1633 4 19
1650 4 20
1666 4 20
1683 4 20
1700 4 21
1716 3 21
1733 2 22
1750 2 22
1766 1 22
1783 0 22
1800 0 22
1816 0 22
1833 -1 22
1850 -4 20
1866 -6 19
1883 -7 18
1900 -7 17
1916 -5 16
1933 -4 17
1950 -3 18
1966 -2 18
1983 -2 19
2000 -1 18
2016 -1 17
2033 -2 16
2050 -2 14
2066 -3 11
2083 -3 8
2100 -4 5
2116 -4 2
2133 -5 0
2150 -5 -2
2166 -5 -4
2183 -5 -5
2200 -4 -5
2216 -2 -4
2233 0 0
2250 6 8
2266 16 21
2283 30 40
2300 57 63
2316 91 93
2333 129 126
2350 169 162
2366 209 199
2383 248 235
2400 284 271
2416 311 299
2433 330 321
2450 343 337
2466 351 348
2483 356 355
2500 359 359
2516 360 359
2533 360 360
2550 360 360
2566 361 361
2583 362 361
2600 362 361
2616 362 361
2633 363 362
2650 363 362
2666 363 362
2683 363 362
2700 363 364
2716 363 363
2733 363 363
2750 363 363
2766 363 362
2783 363 362
2800 363 362
2816 363 361
2833 363 360
2850 364 360
2866 363 360
2883 363 359
2900 363 359
2916 362 359
2933 363 359
2950 363 359
2966 362 358
2983 363 358
3000 363 357
3016 362 357
3033 362 356
3050 362 356
3066 361 355
3083 361 355
3100 360 354
3116 360 354
3133 360 354
3150 359 353
3166 359 353
3183 359 353
3200 359 352
3216 358 352
3233 358 351
3250 358 349
3266 358 350
3283 358 350
3300 358 350
3316 357 351
3333 357 350
3350 357 351
3366 357 351
3383 356 351
3400 357 352
3416 356 352
3433 356 353
3450 355 353
3466 355 354
3483 355 354
3500 355 354
3516 355 354
3533 355 355
3550 354 355
3566 355 355
3583 354 356
3600 355 356
3616 355 357
3633 355 357
3650 355 357
3666 355 357
3683 355 358
3700 356 357
3716 356 357
3733 356 353
3750 356 352
3766 356 354
3783 356 354
3800 356 355
3816 356 355
3833 356 354
3850 356 356
3866 356 356
3883 356 356
3900 352 356
3916 352 356
3933 353 355
3950 353 355
3966 354 354
3983 354 355
4000 353 355
4016 355 355
4033 355 354
4050 354 354
4066 354 353
4083 354 353
4100 354 352
4116 354 352
4133 353 351
4150 353 351
4166 352 350
4183 352 350
4200 351 349
4216 351 349
4233 351 348
4250 351 348
4266 350 347
4283 351 352
4300 351 352
4316 350 351
4333 350 351
4350 349 349
4366 349 350
4383 350 350
4400 350 348
4416 350 348
4433 350 348
4450 349 348
4466 350 349
4483 350 349
4500 350 350
4516 349 350
4533 349 349
4550 349 350
4566 349 351
4583 348 351
4600 348 351
4616 348 351
4633 348 352
4650 348 353
4666 348 353
4683 348 353
4700 348 353
4716 348 353
4733 349 353
4750 349 353
4766 349 355
4783 349 354
4800 349 354
4816 349 354
4833 349 353
4850 349 353
4866 349 353
4883 349 352
4900 349 352
4916 350 352
4933 346 352
4950 346 351
4966 347 351
4983 347 351
5000 348 349
5016 347 350
5033 347 350
5050 349 349
5066 349 350
5083 349 349
5100 349 349
5116 348 349
5133 348 348
5150 347 347
5166 346 347
5183 346 346
5200 346 345
5216 345 345
5233 344 344
5250 343 344
5266 343 344
5283 342 343
5300 342 343
5316 342 342
5333 342 342
5350 341 343
5366 341 343
5383 341 343
5400 340 343
5416 340 343
5433 340 343
5450 340 343
5466 341 344
5483 341 344
5500 340 344
5516 340 345
5533 339 345
5550 339 345
5566 339 346
5583 338 346
5600 338 346
5616 338 347
5633 339 347
5650 338 347
5666 338 347
5683 339 347
5700 340 347
5716 339 347
5733 339 347
5750 339 347
5766 338 346
5783 334 344
5800 329 341
5816 319 339
5833 304 331
5850 284 319
5866 258 303
5883 226 280
5900 193 252
5916 160 219
5933 130 182
5950 104 149
5966 82 120
5983 62 94
6000 46 73
6016 34 56
6033 24 42
6050 18 32
6066 11 24
6083 5 17
6100 2 12
6116 0 8
6133 -2 4
6150 -4 1
6166 -5 0
6183 -5 -1
6200 -5 -3
6216 -4 -3
6233 -4 -4
6250 -3 -4
6266 -3 -4
6283 -2 -3
6300 -2 -3
6316 -1 -3
6333 -1 -2
6350 0 -2
6366 0 -1
6383 0 0
6400 0 0
6416 0 0
6433 0 0
6450 0 0
6466 -1 0
6483 -1 0
6500 -2 0
6516 -3 0
6533 -3 0
6550 -4 0
6566 -4 0
6583 -4 0
6600 -4 0
6616 -3 0
6633 -2 0
6650 -1 0
6666 -1 0
6683 -1 0
6700 -2 -2
6716 -4 -6
6733 -10 -15
6750 -22 -29
6766 -37 -48
6783 -57 -70
6800 -82 -96
6816 -114 -122
6833 -149 -150
6850 -176 -186
6866 -199 -215
6883 -231 -252
6900 -261 -288
6916 -287 -317
6933 -310 -346
6950 -327 -368
6966 -343 -383
6983 -358 -395
7000 -364 -401
7016 -368 -405
7033 -371 -407
7050 -375 -407
7066 -374 -407
7083 -373 -407
7100 -373 -407
7116 -372 -407
7133 -372 -406
7150 -372 -406
7166 -370 -405
7183 -370 -404
7200 -370 -402
7216 -370 -402
7233 -370 -402
7250 -370 -402
7266 -371 -401
7283 -371 -401
7300 -371 -401
7316 -371 -401
7333 -371 -401
7350 -371 -400
7366 -371 -400
7383 -371 -400
7400 -370 -400
7416 -370 -400
7433 -370 -400
7450 -370 -400
7466 -370 -400
7483 -369 -401
7500 -369 -402
7516 -368 -402
7533 -367 -402
7550 -368 -402
7566 -368 -402
7583 -368 -403
7600 -369 -404
7616 -370 -404
7633 -370 -405
7650 -371 -405
7666 -371 -407
7683 -371 -407
7700 -371 -407
7716 -372 -407
7733 -372 -406
7750 -372 -407
7766 -371 -407
7783 -371 -406
7800 -367 -406
7816 -366 -407
7833 -367 -407
7850 -365 -407
7866 -366 -406
7883 -366 -406
7900 -366 -406
7916 -369 -408
7933 -368 -407
7950 -368 -407
7966 -369 -406
7983 -368 -405
8000 -368 -405
8016 -368 -404
8033 -369 -402
8050 -368 -402
8066 -368 -401
8083 -367 -401
8100 -367 -400
8116 -366 -398
8133 -365 -398
8149 -365 -398
8166 -364 -398
8183 -364 -398
8200 -364 -397
8216 -363 -397
8233 -363 -397
8250 -363 -397
8266 -363 -397
8283 -363 -397
8300 -363 -396
8316 -363 -396
8333 -362 -396
8350 -363 -396
8366 -364 -396
8383 -364 -396
8400 -364 -397
8416 -364 -397
8433 -364 -397
8450 -364 -398
8466 -364 -398
8483 -364 -398
8500 -365 -399
8516 -365 -400
8533 -365 -401
8550 -365 -402
8566 -366 -401
8583 -366 -403
8600 -366 -403
8616 -366 -403
8633 -366 -403
8650 -366 -402
8666 -366 -403
8683 -366 -403
8700 -366 -403
8716 -366 -402
8733 -366 -403
8750 -365 -403
8766 -365 -403
8783 -365 -403
8800 -365 -403
8816 -364 -403
8833 -364 -400
8850 -363 -401
8866 -363 -400
8883 -364 -399
8900 -363 -399
8916 -363 -399
8933 -363 -398
8950 -363 -399
8966 -363 -398
8983 -362 -398
9000 -362 -397
9016 -362 -397
9033 -361 -396
9050 -362 -395
9066 -362 -395
9083 -361 -395
9100 -361 -394
9116 -360 -394
9133 -359 -393
9150 -359 -393
9166 -358 -393
9183 -358 -393
9200 -357 -393
9216 -357 -392
9233 -357 -393
9250 -357 -393
9266 -357 -392
9283 -358 -393
9300 -359 -393
9316 -358 -393
9333 -358 -393
9350 -358 -392
9366 -358 -393
9383 -358 -394
9400 -357 -394
9416 -357 -395
9433 -357 -397
9450 -357 -398
9466 -357 -399
9483 -358 -398
9500 -358 -399
9516 -358 -399
9533 -358 -399
9550 -358 -399
9566 -359 -399
9583 -359 -399
9600 -359 -399
9616 -360 -399
9633 -360 -399
9650 -360 -399
9666 -360 -399
9683 -360 -399
9700 -360 -399
9716 -360 -399
9733 -360 -398
9750 -360 -398
9766 -359 -396
9783 -359 -397
9800 -359 -397
9816 -357 -396
9833 -356 -397
9850 -356 -396
9866 -356 -395
9883 -356 -395
9900 -356 -395
9916 -355 -394
9933 -356 -393
9950 -356 -393
9966 -356 -392
9983 -356 -391
10000 -356 -391
10016 -356 -391
10033 -356 -391
10050 -355 -390
10066 -355 -390
10083 -356 -390
10100 -356 -390
10116 -355 -389
10133 -354 -388
10150 -354 -388
10166 -353 -388
10183 -353 -388
10200 -352 -388
10216 -352 -388
10233 -351 -389
10250 -351 -389
10266 -351 -390
10283 -350 -390
10300 -350 -390
10316 -350 -391
10333 -349 -393
10350 -350 -395
10366 -350 -395
10383 -350 -395
10400 -350 -395
10416 -350 -396
10433 -351 -396
10450 -351 -394
10466 -351 -393
10483 -351 -393
10500 -351 -393
10516 -352 -392
10533 -351 -391
10550 -348 -390
10566 -340 -388
10583 -324 -387
10600 -298 -379
10616 -268 -362
10633 -236 -339
10650 -202 -312
10666 -171 -281
10683 -141 -243
10700 -113 -207
10716 -91 -174
10733 -72 -146
10750 -54 -122
10766 -38 -100
10783 -25 -78
10800 -14 -60
10816 -4 -45
10833 3 -32
10850 8 -20
10866 12 -10
10883 14 -2
10900 15 2
10916 15 6
10933 14 8
10950 13 9
10966 11 10
10983 9 10
11000 7 9
11016 5 8
11033 3 8
11050 2 7
11066 0 6
11083 0 5
11100 0 5
11116 -1 4
11133 -1 4
11150 -1 4
11166 -1 3
11183 0 3
11200 0 3
11216 0 3
11233 0 2
11250 0 2
11266 0 2
11283 0 2
11300 0 1
11316 1 1
11333 1 0
11350 1 0
11366 2 0
11383 2 0
11400 2 0
11416 3 0
11433 3 0
11450 3 0
11466 3 0
11483 3 0
11500 3 0
11516 3 0
11533 2 0
11550 2 0
11566 1 0
11583 1 0
11600 0 1
11616 0 1
11633 -1 1
11650 -2 2
11666 -2 2
11683 -2 2
11700 -2 2
11716 -1 1
11733 0 0
11750 2 -3
11766 6 -10
11783 13 -19
11800 22 -32
11816 35 -49
11833 52 -70
11850 75 -94
11866 119 -133
11883 167 -171
11900 206 -200
11916 239 -244
11933 273 -284
11950 302 -319
11966 324 -348
11983 334 -363
12000 337 -376
12016 341 -387
12033 345 -390
12050 344 -391
12066 343 -391
12083 343 -390
12100 343 -390
12116 342 -389
12133 342 -389
12150 342 -389
12166 342 -388
12183 342 -388
12200 342 -387
12216 341 -387
12233 341 -387
12250 341 -387
12266 341 -387
12283 341 -387
12300 342 -387
12316 341 -387
12333 342 -388
12350 342 -388
12366 341 -387
12383 341 -387
12400 340 -387
12416 340 -388
12433 340 -389
12450 340 -390
12466 340 -391
12483 340 -394
12500 340 -394
12516 340 -394
12533 340 -396
12550 341 -396
12566 341 -395
12583 341 -395
12600 341 -394
12616 341 -394
12633 341 -395
12650 341 -394
12666 342 -394
12683 342 -394
12700 342 -394
12716 342 -394
12733 342 -394
12750 342 -394
12766 342 -394
12783 342 -395
12800 344 -395
12816 344 -394
12833 343 -394
12850 343 -393
12866 342 -393
12883 342 -392
12900 342 -391
12916 341 -391
12933 341 -390
12950 341 -389
12966 340 -388
12983 340 -388
13000 340 -386
13016 340 -386
13033 340 -386
13050 339 -385
13066 339 -385
13083 339 -385
13100 339 -384
13116 338 -385
13133 338 -384
13150 337 -384
13166 337 -384
13183 336 -384
13200 336 -384
13216 336 -384
13233 336 -383
13250 335 -384
13266 335 -384
13283 334 -384
13300 334 -384
13316 334 -385
13333 334 -386
13350 333 -385
13366 333 -386
13383 332 -387
13400 332 -388
13416 333 -389
13433 333 -390
13450 333 -390
13466 332 -390
13483 332 -390
13500 332 -390
13516 332 -390
13533 332 -390
13550 332 -390
13566 332 -390
13583 331 -390
13600 333 -391
13616 333 -390
13633 333 -390
13650 333 -390
13666 332 -390
13683 333 -390
13700 333 -390
13716 333 -390
13733 333 -389
13750 334 -390
13766 334 -384
13783 334 -383
13800 335 -384
13816 335 -384
13833 336 -385
13850 336 -385
13866 336 -384
13883 338 -386
13900 336 -385
13916 335 -385
13933 336 -384
13950 335 -380
13966 336 -379
13983 336 -379
14000 334 -379
14016 335 -380
14033 335 -380
14050 335 -379
14066 335 -380
14083 335 -380
14100 335 -380
14116 336 -380
14133 336 -380
14150 337 -380
14166 337 -380
14183 336 -380
14200 336 -380
14216 335 -380
14233 334 -380
14250 333 -380
14266 332 -381
14283 331 -378
14300 330 -378
14316 329 -379
14333 328 -380
14350 328 -382
14366 327 -383
14383 327 -384
14400 327 -386
14416 326 -387
14433 326 -387
14450 326 -387
14466 327 -387
14483 327 -387
14500 327 -386
14516 326 -386
14533 325 -387
14550 325 -387
14566 324 -387
14583 323 -387
14600 323 -387
14616 322 -387
14633 322 -387
14650 322 -386
14666 322 -385
14683 323 -385
14700 323 -379
14716 324 -379
14733 324 -380
14750 325 -380
14766 325 -381
14783 326 -381
14800 326 -380
14816 326 -382
14833 327 -382
14850 327 -381
14866 328 -376
14883 328 -375
14900 328 -375
14916 328 -375
14933 328 -376
14950 328 -376
14966 328 -375
14983 330 -377
15000 330 -377
15016 330 -377
15033 330 -377
15050 329 -376
15066 329 -376
15083 329 -376
15100 328 -375
15116 328 -375
15133 328 -374
15150 328 -374
15166 327 -373
15183 326 -372
15200 325 -371
15216 322 -367
15233 317 -359
15250 307 -345
15266 283 -319
15283 252 -285
15300 216 -250
15316 182 -215
15333 149 -179
15350 117 -146
15366 88 -117
15383 66 -94
15400 49 -75
15416 37 -59
15433 27 -44
15450 21 -33
15466 16 -24
15483 12 -15
15500 10 -9
15516 8 -3
15533 7 0
15550 6 3
15566 5 5
15583 5 7
15600 4 8
15616 4 9
15633 4 9
15650 4 9
15666 3 9
15683 3 8
15700 2 8
15716 1 7
15733 1 6
15750 0 5
15766 0 4
15783 -2 3
15800 -3 2
15816 -4 1
15833 -5 0
15850 -6 0
15866 -7 0
15883 -7 0
15900 -7 0
15916 -6 0
15933 -5 0
15950 -4 0
15966 -2 0
15983 0 0
16000 0 0
16016 2 0
16033 4 0
16049 5 0
16066 6 0
16083 7 0
16100 8 1
16116 8 2
16133 4 7
16150 0 16
16166 -6 30
16183 -31 59
16200 -61 92
16216 -92 127
16233 -127 164
16250 -162 202
16266 -198 240
16283 -233 274
16299 -258 301
16316 -279 318
16333 -297 330
16350 -311 338
16366 -321 342
16383 -327 345
16400 -330 344
16416 -333 342
16433 -334 342
16450 -334 342
16466 -334 342
16483 -335 341
16500 -335 340
16516 -335 340
16533 -335 339
16550 -335 339
16566 -335 339
16583 -334 340
16600 -334 340
16616 -334 340
16633 -333 340
16650 -332 341
16666 -332 341
16683 -332 341
16700 -332 341
16716 -332 342
16733 -331 342
16750 -331 341
16766 -331 342
16783 -331 343
16800 -331 343
16816 -330 344
16833 -330 344
16850 -330 345
16866 -330 345
16883 -331 346
16900 -330 346
16916 -329 346
16933 -328 346
16950 -328 347
16966 -327 347
16983 -327 347
17000 -326 348
17016 -325 346
17033 -324 346
17050 -324 346
17066 -324 346
17083 -324 346
17100 -324 346
17116 -325 345
17133 -325 346
17150 -325 345
17166 -325 345
17183 -325 345
17200 -325 344
17216 -325 344
17233 -326 344
17250 -327 343
17266 -327 340
17283 -326 339
17300 -326 339
17316 -326 339
17333 -327 339
17350 -327 339
17366 -326 339
17383 -326 340
17400 -326 340
17416 -325 339
17433 -325 339
17450 -325 338
17466 -325 338
17483 -325 338
17500 -326 337
17516 -326 337
17533 -326 337
17550 -327 336
17566 -327 336
17583 -327 334
17600 -327 334
17616 -328 334
17633 -328 335
17650 -328 335
17666 -328 335
17683 -328 335
17700 -328 336
17716 -328 336
17733 -327 336
17750 -327 336
17766 -327 336
17783 -326 337
17800 -326 338
17816 -326 338
17833 -326 338
17850 -325 338
17866 -325 339
17883 -325 339
17900 -324 340
17916 -324 340
17933 -324 341
17950 -323 341
17966 -323 341
17983 -323 342
18000 -323 342
18016 -323 342
18033 -323 342
18050 -323 342
18066 -322 342
18083 -321 343
18100 -321 343
18116 -320 343
18133 -319 343
18150 -318 342
18166 -318 342
18183 -318 342
18200 -318 341
18216 -318 341
18233 -318 341
18250 -317 340
18266 -317 340
18283 -317 340
18300 -317 339
18316 -317 339
18333 -317 341
18350 -318 342
18366 -318 342
18383 -319 342
18400 -319 341
18416 -319 340
18433 -319 339
18450 -318 338
18466 -317 336
18483 -317 336
18500 -317 335
18516 -317 335
18533 -317 334
18550 -317 334
18566 -318 334
18583 -318 333
18600 -318 333
18616 -319 332
18633 -319 332
18650 -319 335
18666 -320 337
18683 -320 336
18700 -320 335
18716 -321 335
18733 -321 334
18750 -321 334
18766 -321 333
18783 -320 332
18800 -320 332
18816 -320 333
18833 -319 333
18850 -319 334
18866 -318 334
18883 -317 335
18900 -315 334
18916 -315 335
18933 -316 335
18950 -316 336
18966 -316 336
18983 -316 336
19000 -316 337
19016 -316 337
19033 -316 337
19050 -316 338
19066 -315 338
19083 -315 338
19100 -315 338
19116 -315 338
19133 -316 339
19150 -316 338
19166 -315 338
19183 -315 338
19200 -314 338
19216 -313 338
19233 -313 337
19250 -312 337
19266 -311 337
19283 -311 337
19300 -311 336
19316 -311 336
19333 -311 336
19350 -311 335
19366 -311 335
19383 -311 335
19400 -311 333
19416 -311 334
19433 -311 335
19450 -311 334
19466 -310 334
19483 -310 333
19500 -310 333
19516 -310 333
19533 -311 332
19550 -311 331
19566 -311 331
19583 -311 331
19600 -311 330
19616 -312 329
19633 -312 329
19650 -312 329
19666 -312 328
19683 -312 328
19700 -313 328
19716 -313 328
19733 -313 323
19750 -313 324
19766 -313 324
19783 -313 324
19800 -314 325
19816 -314 325
19833 -314 325
19850 -314 327
19866 -314 327
19883 -314 327
19900 -314 328
19916 -313 328
19933 -313 329
19950 -313 329
19966 -313 330
19983 -313 330
20000 -312 331
20016 -310 331
20033 -309 332
20050 -311 332
20066 -311 332
20083 -310 333
20100 -310 333
20116 -310 333
20133 -310 333
20150 -311 333
20166 -309 334
20183 -309 334
20200 -308 334
20216 -308 335
20233 -307 333
20250 -307 333
20266 -306 334
20283 -306 333
20300 -305 333
20316 -303 332
20333 -299 332
20350 -296 332
20366 -292 331
20383 -287 330
20400 -281 328
20416 -275 324
20433 -265 315
20450 -251 302
20466 -223 283
20483 -191 258
20500 -161 225
20516 -133 189
20533 -110 151
20550 -89 123
20566 -68 99
20583 -53 71
20600 -40 47
20616 -30 29
20633 -21 15
20650 -12 7
20666 -5 0
20683 0 -7
20700 4 -10
20716 7 -10
20733 10 -9
20750 11 -8
20766 12 -6
20783 12 -5
20800 12 -3
20816 11 -1
20833 10 0
20850 9 0
20866 7 1
20883 5 1
20900 4 1
20916 2 1
20933 1 1
20950 0 1
20966 0 0
20983 0 0
21000 -1 -1
21016 -1 -2
21033 -1 -3
21050 -1 -4
21066 0 -5
21083 0 -5
21100 0 -6
21116 0 -6
21133 0 -6
21150 0 -6
21166 0 -6
21183 0 -7
21200 1 -7
21216 1 -7
21233 1 -7
21250 1 -7
21266 1 -6
21283 2 -6
21300 2 -5
21316 2 -4
21333 2 -4
21350 2 -3
21366 2 -2
21383 2 -2
21400 2 -1
21416 1 -1
21433 1 0
21450 1 0
21466 0 0
21483 0 0
21500 0 0
21516 0 0
21533 0 0
21550 0 0
21566 0 0
21583 0 0
21600 0 0
21616 0 0
21633 0 0
21650 0 0
21666 0 0
21683 0 0
21700 0 0
21716 0 1
21733 0 1
21750 0 2
21766 0 2
21783 0 1
21800 0 0
21816 0 -2
21833 0 -4
21850 0 -5
21866 0 -6
21883 1 -7
21900 1 -6
21916 2 -6
21933 2 -4
21950 2 -3
21966 2 -1
21983 2 0
22000 2 1
22016 2 2
22033 2 2
22050 1 3
22066 1 3
22083 0 4
22100 0 4
22116 0 4
22133 0 4
22150 0 4
22166 0 4
22183 0 3
22200 0 3
22216 0 2
22233 0 2
22250 0 1
22266 0 1
22283 0 1
22300 0 1
22316 -1 0
22333 -1 0
22350 -1 0
22366 0 0
22383 0 0
22400 0 0
22416 0 0
22433 0 0
22450 0 0
22466 0 0
22483 0 0
22500 0 0
22516 0 0
22533 0 0
22550 0 -1
22566 0 -1
22583 0 -1
22600 0 -1
22616 0 -1
22633 0 -1
22650 0 -1
22666 0 0
22683 0 0
22700 0 0
22716 0 0
22733 0 0
22750 0 0
22766 0 0
22783 0 0
22800 0 0
22816 0 0
22833 0 0
22850 0 0
22866 0 0
22883 0 0
22900 0 0
22916 0 0
22933 0 0
22950 0 0
22966 0 0
22983 0 0
23000 0 0
23016 0 0
23033 0 0
23050 0 0
23066 0 0
23083 0 0
23100 0 0
23116 0 0
23133 0 0
23150 0 0
23166 0 0
23183 0 0
23200 0 0
23216 0 0
23233 0 0
23250 0 0
23266 0 0
23283 0 0
23300 0 0
23316 0 0
23333 0 0
23350 0 0
23366 0 0
23383 0 0
23400 0 0
23416 0 0
23433 0 0
23450 0 0
23466 0 0
23483 0 0
23500 0 0
23516 0 0
23533 0 0
23550 0 0
23566 0 0
23583 0 0
23600 0 0
23616 0 0
23633 0 0
23650 0 0
23666 0 0
23683 0 0
23700 0 0
23716 0 0
23733 0 0
23750 0 0
23766 0 0
23783 0 0
23800 0 0
23816 0 0
23833 0 0
23850 0 0
23866 0 0
23883 0 0
23900 0 0
23916 0 0
23933 0 0
23950 0 0
23966 0 0
23983 0 0
24000 0 0
24016 0 0
24033 0 0
24050 0 0
24066 0 0
24083 0 0
24100 0 0
24116 0 0
24133 0 0
24150 0 0
24166 0 0
24183 0 0
24200 0 0
24216 0 0
24233 0 0
24250 0 0
24266 0 0
24283 0 0
24300 0 0
24316 0 0
24333 0 0
24350 0 0
24366 0 0
24383 0 0
24400 0 0
24416 0 0
24433 0 0
24450 0 0
24466 0 0
24483 0 0
24500 0 0
24516 0 0
24533 0 0
24550 0 0
24566 0 0
24583 0 0
24600 0 0
24616 0 0
24633 0 0
24650 0 0
24666 0 0
24683 0 0
24700 0 0
24716 0 0
24733 0 0
24750 0 0
24766 0 0
24783 0 0
24800 0 0
24816 0 0
24833 0 0
24850 0 0
24866 0 0
24883 0 0
24900 0 0
24916 0 0
24933 0 0
24950 0 0
24966 0 0
24983 0 0
25000 0 0
25016 0 0
25033 0 0
25050 0 0
25066 0 0
25083 0 0
25100 0 0
25116 0 0
25133 0 0
25150 0 0
25166 0 0
25183 0 0
25200 0 0
25216 0 0
25233 0 0
25250 0 0
25266 0 0
25283 0 0
25300 0 0
25316 0 0
25333 0 0
25350 0 0
25366 0 0
25383 0 0
25400 0 0
25416 0 0
25433 0 0
25450 0 0
25466 0 0
25483 0 0
25500 0 0
25516 0 0
25533 0 0
25550 0 0
25566 0 0
25583 0 0
25600 0 0
25616 0 0
25633 0 0
25650 0 0
25666 0 0
25683 0 0
25700 0 0
25716 0 0
25733 0 0
25750 0 0
25766 0 0
25783 0 0
25800 0 0
25816 0 0
25833 0 0
25850 0 0
25866 0 0
25883 0 0
25900 0 0
25916 0 0
25933 0 0
25950 0 0
25966 0 0
25983 0 0
26000 0 0
26016 0 0
26033 0 0
26050 0 0
26066 0 0
26083 0 0
26100 0 0
26116 0 0
26133 0 0
26150 0 0
26166 0 0
26183 0 0
26200 0 0
26216 0 0
26233 0 0
26250 0 0
26266 0 0
26283 0 0
26300 0 0
26316 0 0
26333 0 0
26350 0 0
26366 0 0
26383 0 0
26400 0 0
26416 0 0
26433 0 0
26450 0 0
26466 0 0
26483 0 0
26500 0 0
26516 0 0
26533 0 0
26550 0 0
26566 0 0
26583 0 0
26600 0 0
26616 0 0
26633 0 0
26650 0 0
26666 0 0
26683 0 0
26700 0 0
26716 0 0
26733 0 0
26750 0 0
26766 0 0
26783 0 0
26800 0 0
26816 0 0
26833 0 0
26850 0 0
26866 0 0
26883 0 0
26900 0 0
26916 0 0
26933 0 0
26950 0 0
26966 0 0
26983 0 0
27000 0 0
27016 0 0
27033 0 0
27050 0 0
27066 0 0
27083 0 0
27100 0 0
27116 0 0
27133 0 0
27150 0 0
27166 0 0
27183 0 0
27200 0 0
27216 0 0
27233 0 0
27250 0 0
27266 0 0
27283 0 0
27300 0 0
27316 0 0
27333 0 0
27350 0 0
27366 0 0
27383 0 0
27400 0 0
27416 0 0
27433 0 0
27450 0 0
27466 0 0
27483 0 0
27500 0 0
27516 0 0
27533 0 0
27550 0 0
27566 0 0
27583 0 0
27600 0 0
27616 0 0
27633 0 0
27650 0 0
27666 0 0
27683 0 0
27700 0 0
27716 0 0
27733 0 0
27750 0 0
27766 0 0
27783 0 0
27800 0 0
27816 0 0
27833 0 0
27850 0 0
27866 0 0
27883 0 0
27900 0 0
27916 0 0
27933 0 0
27950 0 0
27966 0 0
27983 0 0
28000 0 0
28016 0 0
28033 0 0
28050 0 0
28066 0 0
28083 0 0
28100 0 0
28116 0 0
28133 0 0
28150 0 0
28166 0 0
28183 0 0
28200 0 0
28216 0 0
28233 0 0
28250 0 0
28266 0 0
28283 0 0
28300 0 0
28316 0 0
28333 0 0
28350 0 0
28366 0 0
28383 0 0
28400 0 0
28416 0 0
28433 0 0
28450 0 0
28466 0 0
28483 0 0
28500 0 0
28516 0 0
28533 0 0
28550 0 0
28566 0 0
28583 0 0
28600 0 0
28616 0 0
28633 0 0
28650 0 0
28666 0 0
28683 0 0
28700 0 0
28716 0 0
28733 0 0
28750 0 0
28766 0 0
28783 0 0
28800 0 0
28816 0 0
28833 0 0
28850 0 0
28866 0 0
28883 0 0
28900 0 0
28916 0 0
28933 0 0
28950 0 0
28966 0 0
28983 0 0
29000 0 0
29016 0 0
29033 0 0
29050 0 0
29066 0 0
29083 0 0
29100 0 0
29116 0 0
29133 0 0
29150 0 0
29166 0 0
29183 0 0
29200 0 0
29216 0 0
29233 0 0
29250 0 0
29266 0 0
29283 0 0
29300 0 0
29316 0 0
29333 0 0
29350 0 0
29366 0 0
29383 0 0
29400 0 0
29416 0 0
29433 0 0
29450 0 0
29466 0 0
29483 0 0
29500 0 0
29516 0 0
29533 0 0
29550 0 0
29566 0 0
29583 0 0
29600 0 0
29616 0 0
29633 0 0
29650 0 0
29666 0 0
29683 0 0
29700 0 0
29716 0 0
29733 0 0
29750 0 0
29766 0 0
29783 0 0
29800 0 0
29816 0 0
29833 0 0
29850 1 0
29866 1 0
29883 2 0
29900 4 0
29916 7 0
29933 16 0
29950 30 0
29966 48 -1
29983 72 -1
30000 101 -1
30016 135 -1
30033 171 -1
30050 206 0
30066 242 1
30083 271 2
30100 293 4
30116 309 5
30133 319 6
30150 326 6
30166 330 6
30183 329 5
30200 329 4
30216 329 2
30233 330 0
30250 330 0
30266 330 -1
30283 330 -2
30300 331 -3
30316 331 -2
30333 331 -2
30350 331 -1
30366 332 -1
30383 332 0
30400 332 0
30416 332 0
30433 332 0
30450 332 0
30466 332 0
30483 332 0
30500 331 0
30516 329 0
30533 329 0
30550 329 0
30566 330 0
30583 330 -1
30600 330 -1
30616 330 -1
30633 328 -1
30650 328 -1
30666 328 0
30683 328 0
30700 328 0
30716 328 0
30733 328 0
30750 328 1
30766 328 1
30783 328 2
30800 328 2
30816 327 2
30833 327 2
30850 326 2
30866 326 2
30883 326 2
30900 325 2
30916 325 2
30933 325 1
30950 324 1
30966 324 1
30983 323 0
31000 322 0
31016 322 0
31033 321 0
31050 321 -1
31066 321 -1
31083 321 -1
31100 321 -2
31116 322 -2
31133 320 -2
31150 320 -2
31166 320 -2
31183 320 -2
31200 320 -2
31216 320 -2
31233 320 -1
31250 321 -1
31266 321 0
31283 321 0
31300 321 0
31316 322 0
31333 322 1
31350 322 1
31366 322 1
31383 321 1
31400 321 1
31416 321 1
31433 321 1
31450 321 1
31466 321 0
31483 322 0
31500 322 0
31516 323 0
31533 323 0
31550 324 0
31566 324 0
31583 324 0
31600 326 0
31616 324 0
31633 323 0
31650 324 0
31666 324 0
31683 324 0
31700 324 0
31716 322 0
31733 321 0
31750 322 0
31766 322 0
31783 322 0
31800 322 1
31816 323 1
31833 324 1
31850 324 1
31866 321 1
31883 315 2
31900 305 2
31916 289 2
31933 266 2
31950 234 2
31966 200 2
31983 165 2
32000 132 2
32016 103 2
32033 77 2
32050 55 1
32066 37 1
32083 24 1
32099 15 1
32116 7 1
32133 2 1
32150 -1 1
32166 -3 1
32183 -4 1
32200 -5 1
32216 -4 1
32233 -4 1
32250 -3 1
32266 -2 2
32283 -1 2
32300 0 2
32316 0 2
32333 0 2
32349 1 1
32366 1 1
32383 0 1
32400 0 1
32416 0 0
32433 -1 0
32450 -1 0
32466 -2 0
32483 -2 0
32500 -3 0
32516 -4 0
32533 -5 0
32550 -7 0
32566 -10 0
32583 -16 0
32599 -24 0
32616 -35 0
32633 -48 0
32650 -63 0
32666 -81 0
32683 -104 0
32700 -128 -1
32716 -152 -1
32733 -176 -2
32750 -200 -2
32766 -223 -2
32783 -245 -2
32800 -265 -2
32816 -281 -2
32833 -298 -2
32850 -316 -1
32866 -333 -1
32883 -346 0
32900 -356 0
32916 -363 0
32933 -370 0
32950 -373 0
32966 -374 0
32983 -374 -1
33000 -374 -2
33016 -375 -3
33033 -374 -4
33050 -374 -4
33066 -374 -4
33083 -374 -4
33100 -371 -4
33116 -370 -4
33133 -370 -3
33150 -370 -2
33166 -371 -1
33183 -370 -1
33200 -370 0
33216 -371 0
33233 -371 0
33250 -371 1
33266 -370 1
33283 -370 1
33300 -370 1
33316 -370 1
33333 -370 1
33350 -369 0
33366 -369 0
33383 -368 0
33400 -368 0
33416 -368 0
33433 -367 0
33450 -366 0
33466 -366 -1
33483 -366 -1
33500 -366 -1
33516 -366 -1
33533 -365 -1
33550 -364 0
33566 -364 0
33583 -364 0
33600 -364 0
33616 -365 0
33633 -365 0
33650 -365 0
33666 -366 0
33683 -366 1
33700 -366 1
33716 -366 1
33733 -366 1
33750 -366 1
33766 -365 1
33783 -366 1
33800 -366 1
33816 -366 1
33833 -366 1
33850 -366 1
33866 -367 1
33883 -367 1
33900 -368 1
33916 -368 0
33933 -368 0
33950 -368 0
33966 -368 0
33983 -368 0
34000 -368 0
34016 -368 0
34033 -368 0
34050 -367 0
34066 -364 0
34083 -364 0
34100 -363 0
34116 -364 0
34133 -364 0
34150 -363 0
34166 -363 0
34183 -363 0
34200 -363 0
34216 -362 0
34233 -361 0
34250 -361 0
34266 -360 0
34283 -360 0
34300 -360 0
34316 -360 0
34333 -360 0
34350 -359 0
34366 -358 0
34383 -356 0
34400 -355 0
34416 -353 0
34433 -350 0
34450 -346 0
34466 -342 0
34483 -333 0
34500 -324 0
34516 -308 0
34533 -284 0
34550 -253 0
34566 -217 0
34583 -180 0
34600 -146 0
34616 -112 0
34633 -84 0
34650 -60 0
34666 -42 0
34683 -28 0
34700 -18 0
34716 -9 0
34733 -2 1
34750 3 1
34766 6 1
34783 9 1
34800 11 0
34816 12 0
34833 12 0
34850 11 0
34866 10 -1
34883 8 -1
34900 6 -2
34916 3 -2
34933 1 -3
34950 0 -4
34966 -2 -4
34983 -3 -4
35000 -4 -4
35016 -4 -3
35033 -3 -2
35050 -2 -1
35066 -1 -1
35083 0 -1
35100 0 0
35116 1 0
35133 2 0
35150 3 0
35166 3 0
35183 3 1
35200 3 3
35216 2 8
35233 2 18
35250 1 33
35266 1 53
35283 0 76
35300 1 101
35316 1 128
35333 2 155
35350 3 182
35366 5 210
35383 6 233
35400 6 251
35416 7 268
35433 7 276
35450 6 282
35466 4 286
35483 2 286
35500 0 285
35516 -1 285
35533 -3 283
35550 -5 283
35566 -6 282
35583 -7 282
35600 -7 282
35616 -6 282
35633 -5 281
35650 -4 281
35666 -2 281
35683 -1 280
35700 0 280
35716 0 280
35733 1 280
35750 2 280
35766 2 280
35783 2 280
35800 2 280
35816 1 281
35833 0 281
35850 0 281
35866 -1 282
35883 -2 282
35900 -3 282
35916 -3 282
35933 -3 283
35950 -3 283
35966 -3 284
35983 -3 284
36000 -3 284
36016 -2 284
36033 -1 284
36050 -1 285
36066 0 285
36083 0 286
36100 0 286
36116 1 286
36133 1 287
36150 2 287
36166 3 287
36183 4 288
36200 5 288
36216 5 288
36233 6 288
36250 6 288
36266 6 288
36283 6 289
36300 5 288
36316 5 289
36333 4 289
36350 3 288
36366 3 289
36383 2 288
36400 1 288
36416 1 288
36433 0 287
36450 0 287
36466 0 287
36483 -1 286
36500 -1 286
36516 -1 286
36533 -1 285
36550 -1 285
36566 -1 285
36583 -1 284
36600 -1 282
36616 0 282
36633 0 282
36650 0 282
36666 0 282
36683 0 281
36700 0 281
36716 0 281
36733 0 281
36750 0 280
36766 0 279
36783 0 279
36800 0 279
36816 0 278
36833 0 278
36850 0 278
36866 0 278
36883 0 277
36900 0 277
36916 0 277
36933 0 277
36950 0 276
36966 0 276
36983 0 276
37000 0 276
37016 0 277
37033 0 276
37050 0 276
37066 0 276
37083 0 276
37100 0 276
37116 0 276
37133 0 275
37150 0 276
37166 0 277
37183 0 277
37200 0 277
37216 0 277
37233 0 278
37250 0 278
37266 0 278
37283 0 279
37300 0 279
37316 1 279
37333 1 280
37350 1 281
37366 1 281
37383 1 282
37400 0 282
37416 0 282
37433 0 282
37450 0 283
37466 0 282
37483 0 281
37500 0 278
37516 0 272
37533 0 261
37550 0 242
37566 0 216
37583 0 182
37600 0 147
37616 0 119
37633 0 91
37650 0 66
37666 0 46
37683 0 25
37700 1 11
37716 1 1
37733 2 -9
37750 2 -15
37766 3 -21
37783 3 -24
37800 3 -24
37816 3 -24
37833 3 -24
37850 3 -22
37866 3 -19
37883 2 -16
37900 1 -13
37916 1 -10
37933 0 -8
37950 0 -5
37966 0 -3
37983 -1 -2
38000 -1 0
38016 -2 0
38033 -2 1
38050 -2 1
38066 -2 1
38083 -2 1
38100 -2 0
38116 -1 0
38133 -1 -3
38150 0 -8
38166 0 -17
38183 0 -30
38200 0 -49
38216 0 -70
38233 1 -91
38250 1 -110
38266 1 -133
38283 0 -160
38300 0 -186
38316 0 -211
38333 0 -239
38350 0 -266
38366 0 -292
38383 0 -312
38400 0 -325
38416 0 -336
38433 0 -342
38450 0 -345
38466 0 -346
38483 -1 -346
38500 -1 -346
38516 -2 -345
38533 -2 -344
38550 -3 -343
38566 -3 -343
38583 -3 -343
38600 -3 -342
38616 -3 -342
38633 -2 -342
38650 -1 -342
38666 -1 -342
38683 0 -341
38700 0 -341
38716 0 -341
38733 0 -341
38750 1 -340
38766 1 -340
38783 1 -340
38800 1 -340
38816 1 -340
38833 0 -340
38850 0 -340
38866 0 -340
38883 0 -339
38900 0 -341
38916 0 -341
38933 0 -341
38950 0 -343
38966 0 -343
38983 0 -344
39000 0 -346
39016 0 -346
39033 0 -347
39050 0 -347
39066 0 -347
39083 0 -348
39100 0 -348
39116 0 -347
39133 0 -347
39150 0 -347
39166 0 -347
39183 0 -347
39200 0 -347
39216 0 -347
39233 0 -348
39250 0 -348
39266 0 -348
39283 0 -348
39300 0 -348
39316 0 -348
39333 0 -348
39350 0 -348
39366 1 -350
39383 1 -351
39400 1 -350
39416 0 -349
39433 0 -348
39450 0 -347
39466 0 -347
39483 0 -345
39500 0 -344
39516 0 -343
39533 0 -342
39550 0 -342
39566 0 -341
39583 0 -337
39600 0 -337
39616 0 -337
39633 0 -336
39650 0 -337
39666 0 -337
39683 0 -336
39700 0 -338
39716 0 -337
39733 0 -337
39750 0 -337
39766 0 -337
39783 0 -337
39800 0 -337
39816 0 -337
39833 0 -336
39850 1 -336
39866 1 -336
39883 1 -336
39900 1 -336
39916 1 -336
39933 1 -337
39950 1 -335
39966 1 -335
39983 1 -336
40000 0 -336
40016 0 -338
40033 0 -338
40050 0 -340
40066 0 -341
40083 0 -342
40100 0 -342
40116 0 -342
40133 0 -343
40150 0 -343
40166 0 -343
40183 0 -343
40200 0 -343
40216 0 -343
40233 0 -343
40250 0 -343
40266 0 -343
40283 0 -344
40300 0 -344
40316 0 -344
40333 0 -344
40350 0 -344
40366 0 -344
40383 0 -343
40400 0 -343
40416 0 -343
40433 0 -343
40450 0 -343
40466 0 -342
40483 0 -342
40500 0 -342
40516 0 -342
40533 0 -341
40550 0 -340
40566 0 -340
40583 0 -339
40600 0 -338
40616 0 -337
40633 0 -335
40650 0 -334
40666 0 -333
40683 0 -332
40700 0 -332
40716 0 -331
40733 0 -330
40750 0 -330
40766 0 -329
40783 0 -329
40800 0 -327
40816 0 -324
40833 0 -309
40850 0 -287
40866 0 -257
40883 1 -223
40900 1 -190
40916 1 -159
40933 2 -131
40950 2 -109
40966 2 -88
40983 2 -68
41000 2 -51
41016 2 -36
41033 2 -22
41050 2 -9
41066 2 1
41083 1 10
41100 1 16
41116 0 19
41133 0 20
41150 0 20
41166 0 19
41183 -1 17
41200 -1 14
41216 -1 11
41233 -2 8
41250 -1 5
41266 -1 3
41283 -1 1
41300 -1 0
41316 0 -1
41333 0 -1
41350 0 -1
41366 0 0
41383 0 0
41400 0 1
41416 0 2
41433 0 3
41450 0 3
41466 0 4
41483 0 5
41500 0 5
41516 0 5
41533 0 5
41550 0 5
41566 0 4
41583 0 4
41600 0 3
41616 0 3
41633 0 2
41650 0 2
41666 0 2
41683 0 1
41700 0 1
41716 0 0
41733 0 0
41750 0 0
41766 0 0
41783 0 0
41800 0 0
41816 0 0
41833 0 0
41850 0 0
41866 0 0
41883 0 0
41900 0 0
41916 0 0
41933 0 0
41950 0 0
41966 0 0
41983 0 0
42000 0 0
42016 0 0
42033 0 0
42050 0 0
42066 0 0
42083 0 0
42100 0 0
42116 0 0
42133 0 0
42150 0 0
42166 0 0
42183 0 0
42200 0 0
42216 0 0
42233 0 0
42250 0 0
42266 0 0
42283 0 0
42300 0 0
42316 0 0
42333 0 0
42350 0 0
42366 0 0
42383 0 0
42400 0 0
42416 0 0
42433 0 0
42450 0 0
42466 0 0
42483 0 0
42500 0 0
42516 0 0
42533 0 0
42550 0 0
42566 0 0
42583 0 0
42600 0 0
42616 0 0
42633 0 0
42650 0 0
42666 0 0
42683 0 0
42700 0 0
42716 0 0
42733 0 0
42750 0 0
42766 0 0
42783 0 0
42800 0 0
42816 0 0
42833 0 0
42850 0 0
42866 0 0
42883 0 0
42900 0 0
42916 0 0
42933 1 1
42950 1 2
42966 2 3
42983 4 5
43000 5 7
43016 7 10
43033 10 13
43050 13 16
43066 16 19
43083 19 22
43100 21 25
43116 24 28
43133 26 31
43150 29 34
43166 31 37
43183 33 39
43200 35 42
43216 37 45
43233 39 47
43250 40 50
43266 42 52
43283 44 54
43300 45 56
43316 46 57
43333 47 58
43350 48 59
43366 49 60
43383 50 60
43400 50 60
43416 51 60
43433 50 59
43450 50 58
43466 49 57
43483 48 56
43500 47 54
43516 46 52
43533 44 50
43550 42 47
43566 39 44
43583 36 41
43600 33 38
43616 30 35
43633 27 31
43650 24 26
43666 21 22
43683 19 19
43700 16 15
43716 13 11
43733 10 8
43750 8 5
43766 6 3
43783 4 1
43800 2 0
43816 1 -2
43833 0 -3
43850 0 -4
43866 -1 -5
43883 -2 -6
43900 -2 -6
43916 -3 -6
43933 -3 -6
43950 -3 -6
43966 -3 -6
43983 -3 -5
44000 -3 -5
44016 -3 -5
44033 -3 -4
44050 -2 -4
44066 -2 -3
44083 -2 -3
44100 -2 -3
44116 -2 -2
44133 -1 -2
44150 -1 -1
44166 -1 -1
44183 -1 0
44200 -1 0
44216 -1 0
44233 -1 0
44250 -1 0
44266 -1 0
44283 -1 0
44300 -1 0
44316 -2 0
44333 -2 -1
44350 -3 -2
44366 -4 -2
44383 -5 -3
44400 -6 -4
44416 -8 -6
44433 -10 -7
44450 -13 -10
44466 -16 -14
44483 -19 -18
44500 -22 -22
44516 -28 -27
44533 -33 -33
44550 -38 -38
44566 -43 -44
44583 -47 -49
44600 -51 -55
44616 -55 -61
44633 -58 -66
44650 -61 -70
44666 -64 -73
44683 -66 -77
44700 -69 -79
44716 -70 -81
44733 -72 -82
44750 -73 -83
44766 -74 -83
44783 -74 -82
44800 -75 -81
44816 -74 -80
44833 -73 -78
44850 -73 -76
44866 -71 -73
44883 -69 -70
44900 -66 -67
44916 -64 -63
44933 -61 -59
44950 -58 -55
44966 -54 -51
44983 -50 -47
45000 -47 -43
45016 -43 -40
45033 -39 -36
45050 -35 -32
45066 -31 -28
45083 -27 -24
45100 -23 -21
45116 -20 -18
45133 -16 -15
45150 -13 -13
45166 -10 -10
45183 -7 -8
45200 -5 -7
45216 -4 -5
45233 -2 -3
45250 -1 -2
45266 0 -1
45283 0 0
45300 0 0
45316 1 0
45333 1 1
45350 1 1
45366 1 2
45383 2 2
45400 2 3
45416 1 3
45433 1 3
45450 1 3
45466 1 3
45483 1 2
45500 0 2
45516 0 2
45533 0 1
45550 0 1
45566 0 0
45583 0 0
45600 0 0
45616 0 0
45633 0 0
45650 0 0
45666 0 0
45683 0 0
45700 0 0
45716 0 0
45733 0 0
45750 0 0
45766 1 0
45783 1 0
45800 1 0
45816 1 0
45833 1 0
45850 1 0
45866 1 1
45883 1 1
45900 1 1
45916 1 1
45933 0 1
45950 0 1
45966 0 1
45983 0 1
46000 0 1
46016 0 1
46033 0 1
46050 0 1
46066 0 1
46083 0 0
46100 0 0
46116 0 0
46133 0 0
46150 0 0
46166 0 0
46183 0 0
46200 0 0
46216 0 0
46233 0 0
46250 0 0
46266 0 0
46283 1 0
46300 1 0
46316 2 0
46333 3 -1
46350 5 -2
46366 8 -3
46383 12 -5
46400 16 -8
46416 22 -12
46433 27 -15
46450 33 -20
46466 39 -24
46483 45 -29
46500 50 -34
46516 54 -40
46533 59 -45
46550 62 -50
46566 66 -55
46583 68 -59
46600 70 -62
46616 71 -66
46633 71 -69
46650 71 -71
46666 70 -72
46683 68 -73
46700 67 -74
46716 65 -73
46733 63 -72
46750 61 -70
46766 58 -67
46783 54 -64
46800 50 -58
46816 45 -54
46833 41 -48
46850 37 -41
46866 32 -35
46883 28 -28
46900 25 -22
46916 21 -17
46933 18 -12
46950 15 -7
46966 12 -3
46983 9 0
47000 7 2
47016 5 5
47033 4 6
47050 3 7
47066 2 8
47083 1 8
47100 1 8
47116 0 8
47133 0 8
47150 0 7
47166 -1 6
47183 -1 5
47200 -2 5
47216 -2 4
47233 -2 3
47250 -2 3
47266 -2 2
47283 -2 2
47300 -2 2
47316 -2 1
47333 -2 1
47350 -2 1
47366 -2 1
47383 -2 1
47400 -2 1
47416 -2 0
47433 -2 0
47450 -2 0
47466 -1 0
47483 -1 0
47500 -1 0
47516 -1 0
47533 -1 0
47550 -1 0
47566 -1 0
47583 -1 0
47600 -1 0
47616 -1 1
47633 -1 1
47650 -1 1
47666 -1 2
47683 -1 3
47700 -1 4
47716 -1 4
47733 -1 5
47750 -1 6
47766 -2 7
47783 -2 8
47800 -3 10
47816 -3 12
47833 -5 15
47850 -7 18
47866 -9 22
47883 -12 25
47900 -16 30
47916 -21 35
47933 -25 40
47950 -30 45
47966 -36 50
47983 -43 54
48000 -50 58
48016 -55 61
48033 -60 64
48050 -66 66
48066 -70 68
48083 -75 70
48100 -78 72
48116 -81 74
48133 -83 76
48150 -85 78
48166 -86 80
48183 -86 83
48200 -85 85
48216 -84 87
48233 -82 89
48250 -79 92
48266 -77 94
48283 -74 96
48300 -70 97
48316 -67 98
48333 -62 97
48350 -57 96
48366 -52 93
48383 -47 88
48400 -43 83
48416 -38 77
48433 -32 71
48450 -28 64
48466 -24 56
48483 -19 49
48500 -14 42
48516 -10 35
48533 -5 28
48550 -1 23
48566 1 17
48583 5 11
48600 7 6
48616 9 2
48633 11 0
48650 12 -3
48666 12 -5
48683 12 -6
48700 12 -7
48716 11 -7
48733 10 -8
48750 8 -8
48766 7 -8
48783 6 -7
48800 4 -7
48816 3 -7
48833 2 -7
48850 1 -7
48866 1 -7
48883 0 -7
48900 0 -6
48916 0 -6
48933 0 -5
48950 0 -5
48966 0 -5
48983 0 -4
49000 0 -4
49016 0 -3
49033 0 -3
49050 0 -2
49066 0 -1
49083 0 0
49100 0 0
49116 0 0
49133 0 0
49150 0 1
49166 0 1
49183 0 1
49200 0 1
49216 0 0
49233 0 0
49250 0 0
49266 0 0
49283 0 0
49300 0 0
49316 0 0
49333 0 0
49350 0 0
49366 0 0
49383 0 0
49400 0 1
49416 0 1
49433 0 1
49450 0 1
49466 0 1
49483 0 1
49500 0 1
49516 0 1
49533 -1 0
49550 -1 0
49566 -1 0
49583 0 0
49600 0 0
49616 0 0
49633 0 0
49650 0 0
49666 0 0
49683 0 0
49700 0 0
49716 0 0
49733 0 0
49750 0 0
49766 0 0
49783 0 0
49800 0 0
49816 0 0
49833 0 0
49850 0 0
49866 0 0
49883 0 0
49900 0 0
49916 0 0
49933 -1 -1
49950 -2 -2
49966 -3 -3
49983 -4 -5
50000 -4 -6
50016 -4 -7
50033 -4 -8
50050 -3 -7
50066 -3 -7
50083 -3 -6
50100 -3 -5
50116 -3 -4
50133 -3 -4
50150 -3 -3
50166 -3 -3
50183 -3 -3
50200 -3 -2
50216 -4 -2
50233 -4 -2
50250 -4 -2
50266 -4 -2
50283 -4 -2
50300 -4 -1
50316 -4 -1
50333 -4 -1
50350 -4 -1
50366 -5 0
50383 -5 0
50400 -5 0
50416 -5 0
50433 -5 0
50450 -5 0
50466 -5 0
50483 -6 0
50500 -6 0
50516 -6 0
50533 -6 0
50550 -4 0
50566 -3 0
50583 -2 0
50600 -1 0
50616 -1 0
50633 0 0
50650 0 0
50666 0 0
50683 0 0
50700 -1 0
50716 -1 0
50733 -1 -1
50750 -1 -1
50766 0 0
50783 0 0
50800 0 0
50816 0 0
50833 -1 0
50850 0 -1
50866 0 0
50883 0 0
50900 0 0
50916 0 0
50933 0 -1
50950 0 -1
50966 0 0
50983 0 -1
51000 0 -1
51016 0 0
51033 0 0
51050 0 0
51066 0 0
51083 0 0
51100 0 0
51116 0 0
51133 0 0
51150 0 0
51166 0 0
51183 0 0
51200 0 0
51216 0 0
51233 0 0
51250 0 0
51266 0 0
51283 0 0
51300 0 0
51316 0 1
51333 0 1
51350 0 1
51366 0 1
51383 0 1
51400 1 0
51416 1 0
51433 1 0
51450 0 0
51466 0 0
51483 0 0
51500 0 0
51516 -1 0
51533 -1 0
51550 -1 0
51566 -1 0
51583 0 0
51600 0 0
51616 0 0
51633 0 0
51650 0 0
51666 0 0
51683 0 0
51700 0 0
51716 0 0
51733 0 0
51750 0 0
51766 0 0
51783 0 0
51800 0 0
51816 0 0
51833 0 0
51850 0 0
51866 0 0
51883 0 0
51900 0 0
51916 0 0
51933 0 0
51950 0 0
51966 0 0
51983 0 0
52000 0 0
52016 0 0
52033 0 0
52050 0 0
52066 0 0
52083 0 0
52100 0 0
52116 0 0
52133 0 0
52150 0 0
52166 0 0
52183 0 0
52200 0 0
52216 0 0
52233 0 0
52250 0 0
52266 0 0
52283 0 0
52300 0 0
52316 0 0
52333 0 0
52350 0 0
52366 0 0
52383 0 0
52400 0 0
52416 0 0
52433 0 0
52450 0 0
52466 0 0
52483 0 0
52500 0 0
52516 0 0
52533 0 0
52550 0 0
52566 0 0
52583 0 0
52600 0 0
52616 0 0
52633 0 0
52650 0 0
52666 0 0
52683 0 0
52700 0 0
52716 0 0
52733 0 0
52750 0 0
52766 0 0
52783 0 0
52800 0 0
52816 0 0
52833 0 0
52850 0 0
52866 0 0
52883 0 0
52900 0 0
52916 0 0
52933 0 0
52950 0 0
52966 0 0
52983 0 0
53000 0 0
53016 0 0
53033 0 0
53050 0 0
53066 0 0
53083 0 0
53100 0 0
53116 0 0
53133 0 0
53150 0 0
53166 0 0
53183 0 0
53200 0 0
53216 0 0
53233 0 0
