0
0
0
0
0
0
0
0
0
0
0
0
0
0
0
0
0
0
0
0
0
0
0
0
0
0
0
0
0
0
0
0
0
0
0
0
0
0
0
0
0
0
0
0
0
0
0
0
0
0
0
0
0
0
0
0
0
0
0
0
0
0
0
0
0
0
0
0
0
0
0
0
0
0
0
0
0
0
0
0
0
0
0
0
0
0
0
0
0
0
0
0
0
0
0
0
0
0
0
0
0
0
0
0
0
0
0
0
0
0
0
0
0
0
0
0
0
0
0
0
0
0
0
0
0
0
0
0
0
0
0
0
0
0
0
0
0
0
0
0
0
0
0
0
0
0
0
0
0
0
0
0
0
0
0
0
0
0
0
0
0
0
0
0
0
0
0
0
0
0
0
0
0
0
0
0
0
0
0
0
0
0
0
0
0
0
0
0
0
0
0
0
0
0
0
0
0
0
0
0
0
0
0
0
0
0
0
0
0
0
0
0
0
0
0
0
0
0
0
0
0
0
0
0
0
0
0
0
0
0
0
0
0
0
0
0
0
0
0
0
0
0
0
0
0
0
0
0
0
0
0
0
0
0
0
0
0
0
0
0
0
0
0
0
0
0
0
0
0
0
0
0
0
0
0,347911008026368
0,6653035065767388
0,8285775322733238
1,1093478194524977
0,9598071230201115
0,7904293954283272
0,727866451002533
0,4638813440351573
0,3051850947599719
0,18005920590838342
0
0
0
0
0
0
0
0
0
0
0
0
0
0
0
0
-0,2380443739127781
-0,2380443739127781
-0,17853328043458355
-0,17853328043458355
-0,11902218695638905
-0,11902218695638905
-0,11902218695638905
0
0
0
0
0
0
0,2075258644367809
0,2075258644367809
0,15564439832758564
0,15564439832758564
0,10376293221839045
0,10376293221839045
0,10376293221839045
0
0
0,32959990234076963
1,5259254737998595
2,9633472701193275
3,7812433240760517
4,094058046205023
4,254280220954008
4,431287575914792
4,474013489181188
4,1413617358928185
3,7003692739646596
3,4333323160496843
3,289895321512497
3,15408795434431
3,033539841914121
2,8626361888485365
2,710043641468551
2,467421491134372
2,2690511795403907
2,172917874691
1,9730216376232184
1,7715994750816368
1,574755088961455
1,1795403912472913
0,8835108493301186
-0,1541184728537859
-1,6418958098086494
-3,1647694326609086
-4,56404309213538
-5,998413037507248
-6,894131290627765
-7,136753440961943
-6,160161137730033
-3,859065523239844
-0,801110873744926
2,0126956999420145
4,249702444532609
5,55131687368389
6,071657460249641
5,856501968443862
5,163731803338725
4,290902432325205
3,5431989501632737
3,14493240150151
2,880947294534135
2,598651081881161
2,348399304177984
1,8753624073000272
1,4282662434766684
0,6759849848933377
-0,1709036530655843
-0,8102664265877253
-1,326029236732078
-1,260414441358684
-1,0467848750267035
-0,6012146366771446
0,46998504593035684
2,1256141850032044
4,853968932157353
9,077730643635364
14,584795678579058
22,106082338938563
35,33585619678335
51,71208838160344
70,88076418347727
93,81847590563675
119,11374248481702
147,0381786553545
175,8552812280648
202,37586596270637
226,2016663106174
245,7670827356792
259,91851557969903
269,4662312692648
275,4112369151891
278,45851008636737
279,42747276223025
279,25351725821713
278,45851008636737
278,0144657734916
277,645191808832
277,23624378185366
276,6655476546525
276,2703329569384
275,8339182714316
275,54551835688346
275,3776665547655
274,97329630420853
274,6253852961822
274,36445204016235
274,047059541612
273,7937559129612
273,43821527756586
273,2383190404981
273,01553392132325
272,98043763542586
272,90871913815727
272,7576525162511
273,7815485091708
273,7998596148564
273,5541856135746
273,665578173162
273,14218573564864
279,5358134708701
279,40153202917566
277,15994750816367
277,09280678731653
275,5546739097262
275,67064424573505
275,9819330423902
273,04605243079925
273,7922299874874
274,13861507004
274,35987426374095
274,51551866206853
274,68031861323897
275,0968962675863
275,2098147526475
275,64622943815425
275,77135532700584
275,81560716574603
276,11011078218945
276,2153996398816
276,35883663441876
276,60756248664813
276,7067476424451
276,9173253578295
276,9035920285653
276,6716513565477
276,9554734946745
277,16910306100647
277,3461104159673
276,7647328104496
276,44123661000395
274,5490890224922
274,6620075075533
275,14725180822165
275,1533555101169
275,55772576067386
275,8857997375408
276,30695516830957
277,22556230353706
277,4193548387097
277,2911770989105
276,9402142399365
276,7220068971831
276,45802179021575
276,1574144718772
276,1848811304056
276,006347849971
275,73625904110844
275,3532517471847
275,00381481368447
274,37055574205755
273,7662892544328
273,3252967925047
272,39448225348673
271,675771355327
271,02725302896204
270,2993865779595
269,8721274452956
269,4845423749504
268,9855647450178
268,7047944578387
268,2805871761223
267,90215765861996
267,49168370616775
266,9972838526566
266,52272103030487
266,0954618976409
265,83147679067355
265,5446028015992
265,25467696157716
265,20584734641557
265,0700399792474
265,0852992339854
261,7267372661519
261,81524094363226
262,69264809106716
262,5751518295846
263,2297738578448
263,2618182927946
263,1229590746788
264,8564104129154
264,7389141514328
264,7495956297494
264,9220252082888
264,966277047029
265,0852992339854
265,44389172032834
266,17481002227845
266,5196691793572
266,66920987578965
266,864528336436
267,0720542008728
267,29941709646897
267,47184667500835
267,39555040131836
267,6473281044954
267,7602465895566
268,08221686452833
268,3843501083407
268,5369426557207
268,82534257026884
269,1412091433454
269,3533127842036
269,66612750633254
269,9163792840357
269,62950529496135
270,0140385143589
270,4474013489181
270,44587542344425
270,0430310983611
271,78411206396675
271,91991943113493
271,691030610065
271,6177861873226
270,83346049378946
270,83040864284186
270,85024567400126
269,75615710928673
269,45097201452677
269,0115054780724
268,4469130527665
267,47795037690355
265,98559526352733
264,36811426129947
262,1967223120823
256,01367229224525
238,84853663747063
212,65755180516982
181,3592944120609
149,885555589465
119,5425275429548
93,16995757927184
70,6213568529313
52,174443800164795
34,41114535966064
20,34516434217353
10,066530350657676
3,2013916440321064
-1,641895809808649
-5,4383983886227
-7,812738425855281
-7,243568224127934
-5,995361186559648
-4,515213476973784
-2,82296212652974
-1,3901181066316721
-0,20142216254158135
0,6897183141575365
1,2512588885158848
1,3016144291512801
1,2192144535660878
0,9506515701773125
0,640888698995941
0,009155552842799175
-0,8636738181707204
-1,693777275917844
-2,224799340800195
-2,668843653675954
-3,0381176183355203
-3,2547990356151004
-3,373821222571489
-3,4546952726828817
-3,6591692861720633
-4,396191290017396
-6,396679586169011
-8,26288644062624
-9,863582262642291
-11,224707785271766
-12,24555192724387
-13,347270119327371
-14,1331217383343
-14,290292062135684
-14,500869777520066
-14,636677144688253
-14,937284463026824
-15,276039918210394
-15,596484267708364
-15,861995300149538
-16,167180394909508
-16,536454359569078
-16,893520920438245
-17,407757805108798
-18,332468642231508
-19,415875728629413
-20,067445905941952
-18,15546128727073
-14,278084658345284
-8,856471449934384
-2,5498214667195644
3,878902554399242
11,566515091402936
20,743430890835292
31,304361095004115
44,5448164311655
60,83407086397901
80,64363536484878
105,18967253639332
134,85824152348397
168,82076479384747
205,85345011749624
245,36118655964842
291,08554338206125
332,04290902432325
363,7333292641987
387,87499618518626
404,71358378856775
416,5913876766258
423,9829706717124
425,441755424665
424,4911038544877
423,85326700643935
423,97534104434334
423,5892818994719
423,4107486190374
423,4229560228278
423,07809686574905
423,368022705771
423,3329264198736
423,09335612048704
422,9316080202642
422,9956968901638
423,03537095248265
423,3283486434522
423,70830408642837
424,0821558275094
424,5384075441755
424,8237556077761
425,5653553880428
426,01550340281375
426,03534043397315
426,17572557756273
426,2291329691457
426,6365550706503
427,0607623523666
426,3466292306283
426,16657002471993
426,22760704367187
425,1426740318002
425,28153324991604
425,701162755211
426,18335520493173
426,3557847834711
426,7677846613971
426,8135624256111
427,1462141788994
427,2118289742728
426,76473281044946
426,43208105716116
426,01092562639235
425,1853999450666
424,78255561998344
424,0211188085573
423,0002746665852
421,9275490585039
421,0303048799096
420,27802362132627
419,71343119602034
418,86806848353524
418,2210760826441
418,1356242561113
417,7037873470259
417,2124393444624
416,9545579393902
416,68294320505385
416,71956541642504
416,64326914273505
416,3899655140843
418,3294167912839
418,4850611896115
417,77703176976837
417,5145725882748
416,8446913052766
416,9499801629688
417,09952085940125
416,1824396496475
416,27094332712795
416,44337290566733
416,7439802240059
417,05832087160866
417,21854304635764
417,82738731040376
418,1951353495895
418,3980834376049
418,5110019226661
418,78872035889765
419,0710165715506
419,3975646229438
419,3685720389416
418,4057130649739
419,58220160527355
419,55778679769276
418,84212775048064
418,3919797357097
416,70888393810844
415,5812250129703
415,32639545884575
414,32538834803313
413,57310708944976
412,4179815057832
410,65706350901814
409,29136020996737
407,75933103427224
405,9556871242408
404,17340617084255
402,74056215094447
400,79958494827105
398,95321512497327
396,9695120090334
395,1567125461592
393,7910092471083
391,6531876583148
388,8546403393658
386,4131595812861
384,1746269112217
382,04748680074465
380,27436140018915
378,31049531540873
376,6945402386547
375,00228888821067
375,1503036591693
373,62285225989564
371,8787194433424
370,41230506302077
368,43165379802855
366,7256691183202
365,2882473220007
362,90169988097773
361,6519669179357
360,2175969725638
358,84273812067016
357,2389904477065
355,35447248756367
353,38297677541425
351,4816736350597
349,45982238227487
347,8164006469924
345,61449018829916
343,6017944883571
341,6486098818933
339,22849208044676
337,20206305124054
334,87655262916957
332,6639606921598
330,9533982360302
328,6187322611164
326,35578478347117
323,19559312723163
320,78157902768027
318,41181676686904
315,6193731498153
312,9886776329844
310,07415997802667
308,27051606799523
306,2623981444746
303,5462508011108
301,2710959196752
297,5341044343394
294,93697927793204
292,2132023071993
289,2773216956084
286,9762260811182
283,8236640522477
281,0327463606677
278,7987914670247
275,98956266975915
272,87972655415507
269,96368297372356
266,8782616657002
263,87829218420967
260,5243079927976
256,99179052095093
253,99792474135558
251,19632557145906
248,34437086092714
245,22080141605883
242,0041505172887
239,42228461561936
236,756492812891
233,4147160252693
230,07599108859523
226,7830439161351
223,8517410809656
220,4382457960753
217,14835047456282
213,83251441999573
211,06753746147035
208,40021973326822
205,50553910946988
202,80770287179172
200,19989623706775
197,68059327982417
195,06057924130982
191,66234321115755
188,96450697347942
185,6532486953337
182,2016052735984
178,85830256050292
174,9137852107303
171,01962340159304
167,2597430341502
162,34626300851465
157,67387920773947
152,2156437879574
146,6536454359569
141,5738395336772
137,34244819483015
132,3923459578234
127,48496963408307
122,74239326151312
118,3477278969695
114,21704763939329
110,19013031403546
105,78020569475386
101,29856257820366
96,37287514877772
91,64555803094578
87,16391491439559
83,01034577471236
79,1100802636799
75,32425916318248
72,01605273598437
68,45606860560929
65,52171391949216
62,32337412640766
58,89767143772698
55,82598345896786
52,552873317667164
49,32248908963287
46,51173436689352
43,38053529465621
40,498062074648274
37,65831476790673
34,780419324320206
32,04901272621845
28,962065492721337
25,84917752616962
22,946867275002287
20,08880886257515
17,299417096469007
14,500869777520066
11,181981872005371
8,03857539597766
5,5604724265266885
2,951139866328928
0,640888698995941
-1,184118167668691
-2,82448805200354
-3,886532181768242
-4,753257850886563
-5,655079805902279
-6,163212988677633
-6,5157017731254
-6,811731315042573
-6,96279793694876
-7,057405316324351
-7,17642750328074
-7,39616077150792
-7,80816064943388
-8,537553025910215
-9,569078646198918
-10,8554338206122
-13,022247993408001
-15,448469496749778
-18,095950193792536
-20,891445661793878
-23,424481948301644
-25,789666432691426
-28,1945249794
-30,104983672597427
-31,696523941770685
-32,6685384685812
-32,36793115024262
-31,899472029786065
-31,395916623432107
-30,660420545060575
-30,091250343333233
-29,390850550859096
-28,774376659443952
-28,527176732688375
-28,308969389934994
-28,113650929288614
-27,938169499801628
-27,658925138096258
-27,448347422711873
-27,199621570482492
-27,057710501419105
-26,839503158665728
-26,572466200750753
-26,22150334177679
-25,782036805322424
-25,328836939603864
-24,878688924832908
-24,54603717154454
-24,694051942503126
-25,47379985961485
-26,950895718253122
-28,891872920926538
-31,212805566576126
-33,26822717978454
-34,77278969695119
-35,856196783349105
-36,29413739432966
-36,04235969115268
-35,17258217108676
-33,49101229895932
-30,51240577410199
-27,874080629902036
-24,048585467085786
-19,65392010254219
-15,424054689168978
-10,63570055238502
-5,961790826136051
-1,825006866664632
2,1103549302652054
4,449598681600389
5,970946378978848
6,910916470839564
7,415997802667318
7,81273842585528
8,015686513870662
8,093508713034455
8,215582750938443
8,36207159642323
8,702352977080599
9,234900967436749
9,749137852107301
10,176396984771262
10,608233893856625
11,004974517044587
11,378826258125551
11,648915066988126
11,882381664479507
12,125003814813684
12,302011169774469
12,475966673787651
12,613299966429636
12,80556657612842
13,107699819940793
13,67229224524674
15,369121372112184
17,435224463637194
19,083223975341046
19,498275704214606
13,794366283150731
3,6332285531174655
-10,493789483321638
-45,98681600390637
-95,27726065858941
-145,34134952848902
-197,08853419598984
-244,3357646412549
-289,1842402417066
-335,28244880520026
-369,1259498886074
-394,48530533768724
-416,9454023865474
-435,4625080111087
-452,0401623584704
-466,68141727958
-478,4463026825769
-490,2890102847376
-501,20395519882806
-509,2303231910154
-513,8538773766289
-517,5267799920651
-520,5801568651386
-522,6920377208777
-523,8044373912778
-524,3156224250007
-525,0770592364269
-526,4290292062135
-527,1767326883754
-527,530747398297
-527,96563615833
-528,1304361095004
-527,9305398724325
-527,9305398724325
-527,7474288155765
-527,767265846736
-527,4300363170262
-526,8623920407726
-526,9493697927792
-526,3130588702047
-526,1207922605059
-526,3710440382091
-525,9956663716544
-525,8247627185888
-525,2327036347544
-524,5567186498611
-524,9137852107302
-525,6569109164708
-525,8751182592242
-525,0160222174749
-524,1340372936185
-523,2856227301858
-522,3242896816919
-521,9306009094515
-520,8456678975799
-519,9209570604571
-519,6584978789635
-519,3639942625202
-519,8355052339243
-519,2571794793542
-518,5552537614062
-518,5705130161442
-518,3339945677053
-518,755149998474
-517,5695059053317
-518,0227057710501
-519,1885128330332
-519,4982757042145
-521,3354899746696
-521,7459639271217
-522,0908230842006
-523,1681264687031
-522,9682302316354
-523,1376079592271
-523,1177709280678
-522,4173711355936
-522,225104525895
-522,0130008850367
-521,5445417645801
-520,4977568895536
-518,93826105533
-515,5888546403394
-515,0318918424024
-515,7567064424572
-515,9489730521561
-516,5181432538834
-516,3365581225013
-516,4433729056673
-518,3050019837032
-519,1763054292428
-519,7866756187627
-518,9123203222754
-517,7205725272378
-517,1941282387768
-516,0496841334268
-515,4713583788566
-514,6610919522691
-513,8294625690481
-513,640247810297
-513,6936552018799
-515,4560991241187
-515,5903805658131
-515,0166325876644
-514,9494918668172
-514,2887661366618
-514,6397289956358
-513,5059663686025
-513,3487960448011
-514,2033143101291
-514,4322031311991
-515,370647297586
-515,9962767418439
-516,1778618732261
-517,0125431073947
-517,0873134556108
-517,2521134067812
-517,7465132602923
-518,0974761192663
-517,9448835718863
-517,9784539323099
-517,9891354106265
-517,9631946775719
-517,6061281167027
-516,60512100589
-518,1722464674825
-517,8838465529343
-516,7683950315866
-516,139713736381
-514,897610400708
-514,4230475783562
-514,4184698019349
-513,1015961180456
-512,915433210242
-513,304544206061
-512,2180852687154
-511,322367015595
-510,30610065004424
-509,1692861720634
-508,77559739982297
-508,333079012421
-507,600634784997
-507,59147923215426
-507,57774590289006
-509,826960051271
-510,29236732078
-509,80864894558545
-510,0512710959196
-509,89715262306584
-509,9398785363323
-508,6993011261329
-506,8697164830469
-507,12759788811917
-507,84478286080514
-508,2537308877835
-508,17896053956724
-508,41547898800616
-509,53703421124914
-510,1626636555071
-510,68758201849414
-510,51667836542856
-510,64638203070155
-511,02786339915156
-511,08890041810355
-511,017181920835
-509,54771568956573
-509,43784905545215
-508,9037751396222
-506,75222022156447
-506,95974608600113
-506,6988128299813
-506,5813165684987
-506,96584978789633
-506,21051667836537
-506,2044129764702
-506,3982055116428
-507,15506454664745
-505,8732871486556
-504,6189764091921
-503,9872432630389
-503,0442213202306
-502,76345103305147
-502,70546586504713
-501,6129032258064
-501,8692587054048
-502,02185125278476
-501,90588091677597
-504,2863246559037
-504,429761650441
-503,8758507034516
-504,15967284157836
-503,9780877101962
-504,269539475692
-504,77309488204594
-503,95367290261544
-503,9674062318796
-504,22223578600415
-504,6357615894039
-504,66475417340615
-505,0477614673299
-504,9760429700613
-504,8356578264717
-505,00350962858965
-504,91653187658306
-504,7120578630939
-504,7029023102511
-504,30768761253694
-504,26343577379674
-503,9170506912441
-503,2486953337198
-502,6230658894619
-503,1189916684469
-502,3178807947019
-501,4465773491623
-500,6729331339457
-499,38505203405856
-498,55952635273286
-497,97814874721513
-496,82607501449627
-496,4629047517319
-496,02649006622516
-495,00259407330543
-494,5661793877987
-493,5987426374096
-492,40241706595054
-492,18573564867097
-491,3144322031313
-490,5087435529649
-489,8541215247047
-489,09573656422606
-488,6135441145053
-490,45838801232935
-489,8571733756522
-488,9919736320078
-488,91109958189634
-488,525040437025
-488,41364787743765
-487,9711294900356
-486,7442854091006
-486,49861140781877
-486,2269966734824
-485,2107303079317
-484,4264046143985
-483,98998992889176
-483,07901242103327
-481,74382763145843
-479,53276161992244
-477,17062898648027
-475,19760734885705
-473,05368205816825
-470,86245307779166
-468,89858699301124
-466,8446913052767
-464,65346232490003
-462,450025940733
-455,86565752128655
-450,63783684804827
-443,7437055574205
-433,56578264717547
-421,927549058504
-407,7990050965911
-392,2620319223609
-376,7509994811853
-357,4343089083529
-325,32578508865623
-284,5484786523026
-240,38209173863947
-196,85964537491986
-158,5818048646504
-121,6437269203772
-87,29514450514236
-61,548203985717336
-41,82866908780175
-28,006836146122623
-17,436750389110994
-8,697775200659198
-2,9221472823267307
0,8346812341685224
3,2303842280343025
4,4801171910763875
4,838709677419354
4,680013428144169
4,1825617236854145
3,192236091189306
2,2858363597521896
1,2573625904110841
0,2807702871791741
-0,34180730613116855
-0,8438367870113224
-0,9186071352275154
-0,9643848994415112
-0,8865627002777183
-0,8194219794305245
-0,65157017731254
-0,3952146977141636
-0,2517777031769768
-0,20142216254158143
0,10071108127079072
0,6988738670003356
1,8601031525620286
3,382976775414289
5,185094759971922
7,559434797204504
9,709463789788506
11,519211401715138
12,981048005615405
14,073610644856103
14,888454847865232
15,504928739280373
15,747550889614551
15,95507675405133
16,263313699758903
16,492202520828883
16,647846919156468
16,960661641285437
17,207861568041018
17,477950376903593
17,789239173558762
18,288216803491316
19,005401776177255
19,93163853877376
20,966216010010065
22,12897122104556
23,18033387249367
23,848689230018003
23,470259712515638
21,527756584368415
16,266365550706503
8,912930692464979
0,03662221137119781
-14,287240211188083
-30,67110202337718
-48,399304177983936
-67,23227637562181
-84,78957487716299
-105,43992431409647
-126,24439222388376
-143,78032776879178
-160,6326487014374
-176,60145878475296
-193,3927426984466
-209,5355082857753
-223,7617114780114
-243,49497970519116
-262,610248115482
-279,12076174199655
-292,7732169560839
-302,9068880275887
-311,12552262947474
-317,0598467970824
-318,77956480605485
-319,3075350199896
-319,0267647328105
-319,16867580187386
-317,94640949736015
-317,6015503402814
-317,81823175756097
-318,06695760979034
-318,3660390026551
-318,8497573778497
-319,39756462294383
-320,10864589373455
-320,5023346659749
-320,99826044495984
-321,2347788933988
-321,86498611407814
-321,88634907071133
-321,80547502059994
-321,9397564622943
-322,1457564012573
-322,2479934080019
-322,4875637073885
-322,65388958403264
-322,7881710257271
-323,04757835627305
-323,2444227423932
-323,4702597125156
-323,6213263344218
-323,5786004211554
-323,6793115024262
-323,6259041108432
-323,1482894375438
-322,8141117587816
-322,2983489486373
-321,64372692037716
-321,06997894222843
-320,3711050752281
-320,00488296151616
-319,71648304696794
-319,3060090945158
-319,1198461867122
-318,4209723197119
-311,69164098025453
-310,4693746757408
-312,03192236091184
-312,0822779015473
-313,5654774620807
-313,4037293618579
-313,25724051637314
-316,17328409680465
-315,95660267952513
-314,9830622272408
-314,34980315561387
-313,2801293984802
-312,22876674703207
-310,84475234229564
-309,3844416638691
-308,5222937711722
-308,29340495010223
-306,9978942228462
-305,7527390362254
-304,20697653126615
-302,64137699514754
-301,5640736106448
-300,30060731833856
-299,2202520828883
-298,39625232703634
-297,4501785332804
-296,7406231879635
-295,837275307474
-294,6440015869625
-293,702505569628
-292,38563188573875
-291,41666920987575
-290,8078249458296
-289,9960325937681
-289,4146549882504
-289,112521744438
-288,891262550737
-288,860744041261
-288,8286996063112
-288,9172032837916
-288,601336710715
-288,2320627460554
-287,7559739982299
-287,12424085207675
-286,4925077059236
-285,72649311807606
-284,9101229895931
-284,2951750236518
-283,73058259834585
-283,0790124210333
-282,41676076540415
-281,60954618976405
-280,88015381328773
-280,4498428296762
-279,86541337321086
-279,34354686117126
-278,9498580889309
-278,3837397381512
-277,73522141178626
-277,0104068117313
-276,1574144718772
-275,33036286507763
-274,5475630970183
-273,8578447828608
-273,1788079470199
-272,7378154850917
-272,13507492294076
-271,37516403698845
-270,7266457106235
-270,3588976714377
-269,9209570604571
-269,3288979766228
-268,84060182500684
-267,39707632679216
-266,1015655995361
-265,67735831781977
-264,8121585741752
-263,93932920316166
-262,9245887630848
-261,79845576342046
-261,4017151402325
-261,07364116336555
-260,21607104709005
-258,9953306680502
-257,8646198919645
-256,65761284218877
-255,52690206610308
-254,2970061342204
-253,11441389202554
-251,97302163762322
-250,95675527207254
-249,22788171025726
-247,7309488204596
-246,4705343791009
-244,89577929013947
-243,59569078646194
-243,74675740836815
-242,35969115268406
-241,0016174810022
-239,80071413312172
-238,34955900753806
-237,46604815820794
-236,30787072359388
-234,5637379070406
-233,0072939237648
-231,12887966551716
-229,45036164433725
-227,49259926145203
-225,32273323770866
-223,21390423291723
-221,11728263191625
-219,35026093325598
-217,60460219122893
-215,76281014435253
-214,3147068697165
-212,747581408124
-211,23386333811453
-209,9093600268563
-208,3925901058992
-207,06198309274575
-205,68102053895686
-204,2283394878994
-202,9251991332743
-201,54881435590684
-200,40131839960935
-199,5590075380718
-198,53968932157352
-197,7904599139378
-197,15109714041566
-196,07989745780816
-194,89883114108707
-193,5789056062502
-192,15216528824732
-190,9360026856288
-189,45738090151673
-187,18680379650255
-185,5525376140629
-183,97930845057527
-182,31910153508102
-180,6085390789514
-178,9132358775597
-176,91732535782947
-175,05874813074126
-173,10556352427744
-171,0180974761193
-169,04507583849607
-167,1422467726676
-165,55528427991575
-163,78063295388654
-161,99072237311927
-160,32288583025604
-157,92260505996884
-155,93890194402906
-153,79955442976166
-151,1459700308237
-148,8830225531785
-146,38508255256812
-143,99243140964995
-141,68065431684315
-139,15219580675677
-136,41773735770744
-132,5601977599414
-128,74843592638936
-125,1411481063265
-121,46519363994261
-118,3370464186529
-115,22721030304879
-112,19367046113467
-109,84221930600908
-106,84224982451856
-104,254280220954
-100,73397015289773
-97,48374889370402
-93,79558702352976
-89,74578081606495
-86,02862636188848
-82,32673116245003
-78,30286568803979
-73,9646595660268
-69,45860164189581
-65,2165288247322
-61,03854487746818
-56,793420209356974
-52,48573259681998
-48,18720053712577
-44,18469801934873
-40,07080294198431
-35,29313028351695
-30,526139103366187
-26,030762657551804
-21,662038026062802
-17,70683919797357
-14,056825464644307
-10,63417462691122
-7,853938413647877
-4,7547837763603615
-1,9775994140446178
0,31434064760277103
2,2751548814355904
4,22376171147801
5,9404278695028525
7,255775627918332
8,13928647724845
8,948026978362376
9,65758232367931
10,451063570055238
11,21555223242897
12,059389019440292
13,074129459517197
14,203314310129091
15,355388042847986
16,673787652211065
18,04101687673574
19,36857203894162
20,833460493789485
22,032837916196172
23,049104281746878
23,98144474623859
24,607074190496533
25,12588885158849
25,681325724051636
25,97125156407361
26,308481093783378
26,75252540665914
27,089754936368912
27,48496963408307
27,933591723380232
28,32117679372539
28,42341380046998
28,08008056886501
27,35221411786248
26,639606921597945
26,038392284920807
25,490585039826655
25,0099185155797
24,687948240607927
24,48042237617115
24,420911282692956
24,24237800225837
23,967711416974396
23,648792992950227
23,12997833185827
22,65236365855891
22,206793420209355
21,857356486709186
21,579638050477612
21,314127018036437
21,04556413464766
20,813623462630083
20,32227546006653
19,47996459852901
16,611224707785272
13,389996032593768
10,31678212836085
7,679982909634694
5,8595538193914605
4,612872707296976
3,5889767143772695
3,2486953337199007
2,993865779595324
2,867213965269936
2,630695516830958
2,4613177892391733
2,247688222907193
2,050843836787011
1,9699697866756183
1,9821771904660175
1,9150364696188233
1,8845179601428261
1,84484389782403
1,7639698477126378
1,7258217108676412
1,7395550401318398
1,8173772392956327
1,9287697988830226
2,110354930265206
2,2232734153263953
2,3117770928067873
2,4933622241889704
2,5559251686147646
2,6169621875667586
2,6810510574663526
2,7481917783135468
2,8107547227393406
2,8336436048463387
2,790917691579943
2,694784386730552
2,650532547990356
2,598651081881161
2,5055696279793693
2,3606067079683823
2,1546067690054014
1,6800439466536454
1,2512588885158848
0,9048738059633167
0,5859553819391461
0,347911008026368
0,1617481002227851
0
0
0
0
0
0
0
0
0
0
0
0
0
0
0
0
0,2075258644367809
0,42725913266396065
0,6683553575243384
0,8636738181707204
1,0986663411358988
1,2009033478804894
1,3367107150486768
1,1154515213476974
0,8407849360637225
0,6393627735221411
0,12817773979918815
-0,6866664632099369
-1,487777336954863
-2,2537919248023925
-2,7832880642109434
-3,1998657185583053
-3,5767693105868705
-3,822443311868648
-3,863643299661245
-3,8773766289254437
-3,872798852504043
-3,897213660084841
-3,927732169560839
-3,8987395855586406
-3,90942106387524
-3,9887691885128325
-3,991821039460432
-4,081850642414624
-4,081850642414624
-4,12762840662862
-4,11847285378582
-4,1581469161046165
-4,188665425580615
-4,246650593585009
-4,339732047486801
-4,307687612537003
-3,9628284554582356
-3,1525620288705096
-1,4511551255836663
0,25635547959837623
1,7105624561296424
2,5360881374553665
2,815332499160741
3,1693472090823085
3,4424878688924836
3,6240730002746666
3,8438062685018464
3,8346507156590466
3,8026062807092496
3,6759544663838613
3,389080477309488
2,996917630542924
2,2659993285927915
1,5610217596972562
1,0132145146031069
0,5951109347819452
0,10681478316599016
-0,5737479781487472
-1,1688589129306923
-1,6403698843348489
-2,1256141850032044
-2,5223548081911678
-2,916043580431531
-3,14493240150151
-3,3082064271980953
-3,447065645313882
-3,4394360179448835
-3,398236030152287
-3,1266212958159123
-2,702414014099551
-2,108829004791406
-1,5106662190618607
-1,0452589495529037
-0,41199987792596204
0,32349620044557015
1,0284737693411052
2,050843836787011
3,326517532883694
4,451124607074191
7,200842310861537
11,990722373119295
19,13815729239784
30,948820459608747
47,52189703054901
76,1024811548204
102,38654744102298
137,8475295266579
176,91579943235573
212,8025147251808
248,30469679860835
278,21893978698074
299,763481551561
318,14172795800647
327,7077547532578
333,82366405224764
336,2331003753776
337,09219641712696
336,8419446394238
335,7707449568163
335,1039155247658
334,5622119815668
333,7336344492935
333,20108645893737
332,66396069215983
332,2733237708671
331,71941282387775
331,2692648091067
331,0296945097201
330,7626575518051
330,42695394756913
330,0485244300668
329,6166875209814
329,34354686117126
329,2321543015838
329,0658284249397
328,6217841120639
328,4875026703695
328,26471755119474
327,9244361705374
326,4915921506393
328,4920804467909
328,89645069734786
328,4051026947843
328,89645069734786
328,3394878994109
328,0022583697012
328,3837397381512
327,0989104892117
327,26523636585586
327,5551622058778
327,8679769280068
328,4493545335245
329,07498397778244
329,8120059816278
330,27283547471535
330,5475020599994
331,44169438764607
331,7804498428296
332,0856349375896
332,43049409466835
332,6746421704763
332,99966429639574
333,3979308450576
332,9660939359722
332,776879177221
332,9020050660726
333,0088198492386
331,7636646626179
330,512405774102
330,75655384991
331,15024262215036
331,6782128360851
331,99560533463546
331,7865535447248
332,13599047822504
332,51747184667505
332,2351756340221
332,3313089388715
332,3618274483474
332,2183904538102
331,95898312326415
331,6080202642903
331,29367961668754
330,70925016022227
329,82268745994446
329,1528061769462
328,29523606067073
327,5170140690328
326,9493697927793
326,04297006134215
325,2693258461256
324,5139927365947
324,0607928708761
323,48399304177974
323,0689413129062
322,7149266029847
322,3776970732749
321,88482314523753
321,62083803827016
321,2454603717154
321,03640858180484
320,92806787316505
320,5206457716605
320,26123844111453
320,3772087771233
322,10913418988616
321,75359355449075
321,05166783654283
320,7327494125187
320,00335703604236
319,8660237434004
319,4250312814722
318,01355021820734
317,34214300973537
316,69362468337044
316,47083956419567
316,80196539201023
316,52424695577866
316,0863063447981
315,5476546525468
315,1554918057802
314,69008453627123
314,2246772667623
313,8721884823145
313,1488998077334
312,38593707083345
311,9037446211127
311,37730033265177
310,94698934904017
310,14435254982146
309,27915280617697
308,7206640827661
308,2979827265236
307,7364421521653
306,65608691671497
305,0828577532273
305,51622058778645
304,66780602435375
303,0426953947569
301,4267403180028
299,43998535111547
297,9079561754204
296,84896389660327
295,0315866573076
293,98174993133335
292,75185399945065
291,15268410290844
289,501632740257
287,8185369426557
285,9981078524125
284,00982696005127
281,5607165746025
279,0093691824091
276,53126621295814
274,19049653614917
271,7307046723838
269,2022461622974
266,80959501937923
263,9606921597949
261,25675222022153
259,00753807184054
256,5385906552324
254,65102084414195
252,31635486922818
249,84588152714622
247,8484450819422
245,265053254799
242,76711325418864
240,52095095675523
238,13440351573223
236,23615222632526
234,44929349650562
232,5800347911008
230,99154637287512
229,45341349528485
227,80541398358102
226,49464400158695
225,44785912656027
224,53993346964933
223,764763328959
223,17880794701983
222,66914883877067
222,2647785882137
221,76427503280735
223,406170842616
222,97585985900446
221,8756675923948
221,2622455519272
220,32837916196172
219,80346079897456
219,434186834315
218,05169835505234
217,6107058931242
217,4626911221656
217,26737266151923
216,84316537980285
216,45405438398387
215,85589159825435
215,20889919736322
214,53901791436505
214,0003662221137
213,58989226966156
213,00851466414377
212,26996673482464
211,5314188055055
210,5853450117496
209,90630817590866
209,01364177373574
207,89208655049285
206,96890163884396
206,35242774742883
205,86870937223426
205,22171697134314
204,24970244453263
203,12356944486828
202,12866603595074
200,99642933439128
199,87029633472702
198,6831263161107
197,44560075685902
196,30420850245673
195,22385326700643
194,11145359660634
193,07687612537006
191,75847651600697
190,43092135380107
188,93246253852956
187,37296670430615
185,6181524094363
183,04391613513596
181,5515610217597
179,94781334879602
177,76879177220982
175,07400738547926
172,84768211920527
171,14474929044468
169,655446028016
167,92962431714835
166,1702322458571
164,48103274636068
163,48918118839075
162,15704824976345
160,90426343577377
159,6896267586291
158,32239753410443
156,83004242072815
155,4170354319895
153,85753959776602
152,33924375133518
150,7934812463759
149,23551133762624
147,04733420819724
145,4344309823908
143,6857203894162
141,89886165959655
140,2706991790521
138,30530716879787
136,48792992950223
134,9223303933836
132,62428662984098
130,5398724326304
128,2906582842494
125,9498886074404
123,61217078157901
120,62135685293129
116,96829126865444
113,64940336313974
109,99176000244148
106,26697592089602
102,20343638416699
98,18109683523056
94,56770531327248
91,1954100161748
87,9604480117191
84,88265633106478
81,91625720999785
79,2352061525315
76,51753288369396
73,9692373424482
70,7434308908353
67,99066133610035
64,85183263649404
61,52836695455794
58,43379009369182
55,21103549302652
52,05999938962981
49,128696554460284
45,39475692007203
41,933957945493944
38,616595965453044
35,39536729026154
32,24890896328623
29,123813592944117
25,974303415021208
22,57301553392132
18,657490768150883
14,877773369548631
11,29337443159276
7,892086550492873
4,797509689626758
1,9516586809900205
-0,44709616382335926
-2,5009918515579703
-4,213080233161413
-5,697805719168675
-6,900234992522964
-7,760856959746085
-8,46430860316782
-8,967864009521774
-9,138767662587359
-9,176915799432356
-9,082308420056766
-8,726767784661398
-8,360545670949431
-7,8997161778618725
-7,3030793176061275
-6,692709128086184
-6,039613025299845
-5,287331766716513
-4,45417645802179
-3,5294656208990753
-2,5574510940885644
-1,7548142948698384
-0,912503433332316
-0,13428144169438766
0,5569627979369488
1,1993774224066895
1,6113773003326515
1,8951994384594255
2,0676290169988096
2,098147526474807
2,021851252784814
1,597643971068453
1,3779107028412731
1,0467848750267037
0,6851405377361369
0,4898220770897549
0,2410962248603778
0,10071108127079072
0,10071108127079072
0
0
0
0
0
0
0
0
0
0
0
0
0
0
0
0
0
0
0
0
0
0
0
0
0
0
0
0
0
-0,20142216254158143
-0,4394665364543595
-0,7248146000549333
-1,0010071108127079
-1,2268440809350871
-1,5655995361186559
-1,9653920102542193
-2,197332682271798
-2,516251106295969
-2,7893917661061427
-3,0793176061281162
-3,3356730857264925
-3,5828730124820702
-3,80260628070925
-3,965880306405835
-4,130680257576219
-4,2710654011658065
-4,445020905178991
-4,67390972624897
-5,085909604174931
-5,703909421063874
-6,636249885555589
-8,018738364818262
-9,878841517380291
-12,16467787713248
-15,460676900540175
-18,956572161015654
-22,399060029908142
-25,814081240272223
-28,948332163457138
-32,21381267738884
-34,897915585802785
-37,22800378429516
-39,34446241645557
-41,14200262459181
-42,84493545335245
-44,25946836756493
-45,57634205145421
-46,861171300393686
-47,7370525223548
-48,32758568071536
-48,49391155735954
-48,42524491103854
-48,232978301339756
-48,086489455854974
-47,93389690847498
-47,81029694509719
-47,924741355632186
-48,077333903012175
-48,33674123355815
-48,57173375652332
-48,72737815485091
-48,994415112765886
-49,28739280373547
-49,48881496627705
-49,72991119113743
-49,954222235786006
-50,180059205908385
-50,440992461928154
-50,68361461226233
-50,886562700277715
-51,16122928556168
-51,449629200109854
-51,69225135044404
-51,91045869319741
-52,172917874690995
-52,381969664601584
-52,603228858302565
-52,615436262092956
-52,81075472273935
-53,064058351390116
-53,28684347056489
-53,48826563310647
-53,74767296365245
-54,00708029419844
-54,338206122013005
-54,56862086855679
-54,76546525467697
-54,92416150395215
-55,133213293862724
-55,29496139408551
-55,500961333048494
-55,64287240211188
-55,70085757011627
-55,63524277474288
-55,450605792413086
-54,97451704458753
-54,2725913266396
-51,74871059297463
-47,15109714041566
-40,91158787804803
-32,998138370921964
-25,811029389324624
-19,585253456221196
-13,936277352214116
-9,54618976409192
-5,792413098544266
-2,4948881496627706
0,3082369457075713
3,282265694143497
6,930753501998962
10,583819086275824
13,943906979583115
16,737876522110657
19,44792016357921
22,17169713431196
24,43922238837855
26,15741447187719
27,382732627338477
28,185369426557198
28,940702536088132
28,931546983245333
28,513443403424176
27,906125064851835
27,10043641468551
26,252021851252785
25,38529618213446
24,456007568590348
23,67015594958342
22,922452467421486
22,350230414746544
21,967223120822776
21,890926847132786
22,13202307199316
22,66151921140171
23,516037476729636
24,600970488601337
25,84612567522202
27,134006775109107
28,536332285531174
29,656361583300267
30,51545762504959
31,168553727835928
31,105990783410135
30,857264931180758
30,516983550523392
29,85168004394665
29,346598712118904
28,85067293313395
28,35474715414899
28,015991698965415
27,684865871150844
27,373577074495678
27,085177159947506
26,889858699301122
26,60145878475295
26,16046632282479
25,667592394787434
24,825281533249914
24,092837305825984
23,26273384807886
22,351756340220344
21,691030610065003
21,010467848750267
20,287179174169133
19,66307565538499
18,648335215308084
17,13614307077242
14,97695852534562
12,256233405560472
10,083315530869472
8,862575151829585
8,395641956846829
8,734397412030397
9,659108249153112
10,99734488967559
12,465285195471054
13,493758964812159
14,1071810052797
14,23993652150029
14,000366222113712
13,634144108401745
12,953581347087008
12,201300088503677
11,29032258064516
10,309152500991852
9,44853053376873
8,647419660023804
7,879879146702475
7,296975615710929
6,863612781151768
6,781212805566576
6,947538682210761
7,336649678029724
7,890560625019073
8,929715872676779
10,524307992797631
12,234870448927275
13,885921811578724
15,570543534653766
17,108676412244026
18,488113040559096
19,917905209509563
20,931119724112676
21,83751945554979
22,754600665303506
23,30240791039765
23,67168187505722
23,792229987487406
23,535874507889034
23,13760795922727
22,49061555833613
21,7337565233314
20,633564256721698
19,208349864192634
17,746513260292367
16,205328531754507
14,618366039002655
13,002410962248604
11,226233710745566
9,427167577135533
7,759331034272286
6,102175969725638
4,3488876003296
2,5177770317697683
0,5996887112033449
-0,9826960051271092
-2,3194067201757864
-3,386028626361888
-4,289376506851405
-4,963835566270943
-5,189672536393322
-5,0767540513321325
-4,965361491744743
-4,8356578264717545
-4,88448744163335
-4,837183751945554
-4,828028199102755
-5,021820734275337
-5,284279915768914
-5,522324289681691
-5,835139011810664
-6,082338938566241
-6,3280129398480165
-6,660664693136386
-6,927701651051361
-7,155064546647542
-7,3671681875057216
-7,611316263313699
-7,890560625019074
-8,14386425366985
-8,412427137058627
-8,6748863185522
-8,894619586779381
-9,13266396069216
-8,073671681875057
-5,888546403393658
-4,77614673299356
-3,0442213202307196
-1,8311105685598315
-1,0940885647144993
0,2304147465437787
0,47303689687795647
-0,18616290780358283
0,015259254737998607
-0,16785180211798448
-0,16785180211798448
-0,0671407208471938
-0,20142216254158143
-0,20142216254158143
0
0
0
0
-0,3112887966551714
-0,5798516800439466
-0,7644886623737297
-0,6973479415265358
0,4287850581377607
-0,4623554185613573
-1,2710959196752831
-0,8758812219611194
-0,5310220648823509
-0,6241035187841424
-0,5417035431989501
-0,9170812097537155
-0,5127109591967528
-0,08239997558519241
-0,08239997558519241
-0,23194067201757865
0
0
0
0
0
0
0
0
0
0
0
0
0
0
0
0
0
0
0
0
0
0
0
0
0
0
0
0
0
0
0,21973326822717976
0,21973326822717976
0,16479995117038482
0,16479995117038482
0,10986663411358988
0,5920590838343456
0,8423108615375225
0,9109775078585161
1,4465773491622669
1,794488357188635
2,1561326944792016
2,476577043977172
1,942503128147221
1,5488143559068572
1,2558366649372843
0,8239997558519241
0,27771843623157444
-0,32654805139316995
-0,5233924375133518
-0,8774071474349192
-1,1505478072450939
-1,359599597155675
-1,2741477706228825
-0,9292886135441145
-0,6851405377361369
-0,5859553819391461
-0,369273964659566
-0,19837031159398175
0
0
0
0
0
0
0
0
0
0
0
0
-0,2075258644367809
-0,2075258644367809
-0,15564439832758564
-0,15564439832758564
-0,10376293221839045
-0,10376293221839045
-0,10376293221839045
0
0
0
0
0
0
0
0
0
0
0
0
0
0
0
0
0
0
0
0
0
0
0
0
0
0
0
0
0
0
0
0
0
0
0
0
0
0
0
0
0
0
0
0
0
0
0
0
0
0
0
0
0
0
0
0
0
0
0
0
0
0
0
0
0
0
0
0
0
0
0
0
0
0
0
0
0
0
0
0
0
0
0
0
0
0
0
0
0
0
0
0
0
0
0
0
0
0
0
0
0
0
0
0
0
0
0
0
0
0
0
0
0
0
0
0
0
0
0
0
0
0
0
0
0
0
0
0
0
0
0
0
0
0
0
0
0
0
0
0
0
0
0
0
0
0
0
0
0
0
0
0
0
0
0
0
0
0
0
0
0
0
0
0
0
0
0
0
0
0
0
0
0
0
0
0
0
0
0
0
0
0
0
0
0
0
0
0
0
0
0
0
0
0
0
0
0
0
0
0
0
0
0
0
0
0
0
0
0
0
0
0
0
0
0
0
0
0
0
0
0
0
0
0
0
0
0
0
0
0
0
0
0
0
0
0
0
0
0
0
0
0
0
0
0
0
0
0
0
0
0
0
0
0
0
0
0
0
0
0
0
0
0
0
0
0
0
0
0
0
0
0
0
0
0
0
0
0
0
0
0
0
0
0
0
0
0
0
0
0
0
0
0
0
0
0
0
0
0
0
0
0
0
0
0
0
0
0
0
0
0
0
0
0
0
0
0
0
0
0
0
0
0
0
0
0
0
0
0
0
0
0
0
0
0
0
0
0
0
0
0
0
0
0
0
0
0
0
0
0
0
0
0
0
0
0
0
0
0
0
0
0
0
0
0
0
0
0
0
0
0
0
0
0
0
0
0
0
0
0
0
0
0
0
0
0
0
0
0
0
0
0
0
0
0
0
0
0
0
0
0
0
0
0
0
0
0
0
0
0
0
0
0
0
0
0
0
0
0
0
0
0
0
0
0
0
0
0
0
0
0
0
0
0
0
0
0
0
0
0
0
0
0
0
0
0
0
0
0
0
0
0
0
0
0
0
0
0
0
0
0
0
0
0
0
0
0
0
0
0
0
0
0
0
0
0
0
0
0
0
0
0
0
0
0
0
0
0
0
0
0
0
0
0
0
0
0
0
0
0
0
0
0
0
0
0
0
0
0
0
0
0
0
0
0
0
0
0
0
0
0
0
0
0
0
0
0
0
0
0
0
0
0
0
0
0
0
0
0
0
0
0
0
0
0
0
0
0
0
0
0
0
0
0
0
0
0
0
0
0
0
0
0
0
0
0
0
0
0
0
0
0
0
0
0
0
0
0
0
0
0
0
0
0
0
0
0
0
0
0
0
0
0
0
0
0
0
0
0
0
0
0
0
0
0
0
0
0
0
0
0
0
0
0
0
0
0
0
0
0
0
0
0
0
0
0
0
0
0
0
0
0
0
0
0
0
0
0
0
0
0
0
0
0
0
0
0
0
0
0
0
0
0
0
0
0
0
0
0
0
0
0
0
0
0
0
0
0
0
0
0
0
0
0
0
0
0
0
0
0
0
0
0
0
0
0
0
0
0
0
0
0
0
0
0
0
0
0
0
0
0
0
0
0
0
0
0
0
0
0
0
0
0
0
0
0
0
0
0
0
0
0
0
0
0
0
0
0
0
0
0
0
0
0
0
0
0
0
0
0
0
0
0
0
0
0
0
0
0
0
0
0
0
0
0
0
0
0
0
0
0
0
0
0
0
0
0
0
0
0
0
0
0
0
0
0
0
0
0
0
0
0
0
0
0
0
